name:JeongHyeon_5
-3.440381214022636414e-02
1.232878714799880981e-01
1.942452788352966309e-02
-1.859836094081401825e-02
-1.560798883438110352e-01
-1.033039111644029617e-02
-6.133893877267837524e-02
-3.706259280443191528e-02
1.566398590803146362e-01
-9.980852156877517700e-02
2.070811092853546143e-01
-8.116410672664642334e-02
-1.955104768276214600e-01
2.797398483380675316e-03
-9.238983690738677979e-02
2.352937757968902588e-01
-2.130827456712722778e-01
-1.739191859960556030e-01
-2.392133325338363647e-02
-3.470126539468765259e-03
5.411765724420547485e-02
5.907144024968147278e-02
1.064497162587940693e-03
4.892798513174057007e-02
-1.692484468221664429e-01
-3.473789989948272705e-01
-5.559653043746948242e-02
-1.200860142707824707e-01
-3.595452383160591125e-02
-5.201494321227073669e-02
-3.636248409748077393e-02
5.615131556987762451e-02
-1.078110933303833008e-01
1.534165628254413605e-02
8.154452592134475708e-02
6.675469875335693359e-02
-1.737972907721996307e-02
-9.916417300701141357e-02
2.379676699638366699e-01
4.295981489121913910e-03
-2.994725406169891357e-01
5.932870507240295410e-02
1.035157144069671631e-01
2.835359871387481689e-01
1.534079313278198242e-01
2.546717599034309387e-02
2.597719244658946991e-02
-1.264218538999557495e-01
1.506813913583755493e-01
-1.703918576240539551e-01
1.257122121751308441e-02
1.759726256132125854e-01
3.454560041427612305e-02
6.990316510200500488e-02
7.168862503021955490e-03
-7.883781194686889648e-02
5.099784582853317261e-02
9.802973270416259766e-02
-1.071865111589431763e-01
-4.481745138764381409e-02
1.208558306097984314e-01
-7.415889203548431396e-02
1.969428360462188721e-02
-1.315261274576187134e-01
2.382261157035827637e-01
1.395219564437866211e-02
-1.043451502919197083e-01
-1.695737838745117188e-01
8.525127172470092773e-02
-1.892925202846527100e-01
-1.719139963388442993e-01
5.563284456729888916e-02
-1.429159939289093018e-01
-1.555531173944473267e-01
-3.280955255031585693e-01
-4.606390744447708130e-02
3.860854208469390869e-01
1.473270058631896973e-01
-1.368491649627685547e-01
1.166619807481765747e-01
7.978251203894615173e-03
6.384607404470443726e-03
1.234607547521591187e-01
1.991638988256454468e-01
-2.827003598213195801e-03
4.049068689346313477e-02
-1.119214296340942383e-01
-1.316135004162788391e-02
3.086231350898742676e-01
-9.634982049465179443e-02
-2.484979294240474701e-02
1.725558489561080933e-01
4.075924865901470184e-03
8.225811272859573364e-02
5.268012173473834991e-03
-3.592472756281495094e-03
-6.739261001348495483e-02
2.205534279346466064e-02
-8.418332040309906006e-02
2.433407679200172424e-02
2.041488327085971832e-02
5.760056897997856140e-03
-3.491713851690292358e-02
1.028414815664291382e-01
-1.948795765638351440e-01
1.037199124693870544e-01
-2.905749529600143433e-02
3.187921643257141113e-02
8.262035436928272247e-03
6.368599086999893188e-02
-7.705480605363845825e-02
-4.703801870346069336e-02
1.473286300897598267e-01
-2.130940854549407959e-01
1.784644871950149536e-01
1.449332833290100098e-01
5.806776508688926697e-02
9.674793481826782227e-02
1.466844230890274048e-01
6.367636471986770630e-02
-7.089056074619293213e-02
-1.953629031777381897e-02
-2.522647976875305176e-01
-7.552289217710494995e-02
9.048108011484146118e-02
-2.909629233181476593e-02
1.282986104488372803e-01
2.404213882982730865e-02
name:SangHee
-1.772217452526092529e-02
4.453172534704208374e-02
-4.241175949573516846e-02
-1.173752620816230774e-01
-1.002231314778327942e-01
-3.204255178570747375e-02
-4.878875985741615295e-02
-8.109462261199951172e-02
1.477863937616348267e-01
-9.842225164175033569e-02
1.952236145734786987e-01
-9.993046522140502930e-02
-2.410830408334732056e-01
-4.040121659636497498e-02
-9.268394112586975098e-02
2.352335155010223389e-01
-1.815532594919204712e-01
-9.273562580347061157e-02
-6.404023617506027222e-02
1.732842996716499329e-02
1.154107376933097839e-01
2.804094552993774414e-02
6.512971594929695129e-03
1.136563047766685486e-01
-1.112362146377563477e-01
-3.198159635066986084e-01
-1.097480431199073792e-01
-9.682105481624603271e-02
-8.897432684898376465e-02
-5.549512803554534912e-02
-3.911158069968223572e-02
5.735163390636444092e-02
-1.394458711147308350e-01
-1.531039178371429443e-02
6.064716354012489319e-02
5.533394590020179749e-02
-1.486621424555778503e-02
-1.462024450302124023e-01
1.776493489742279053e-01
2.245548367500305176e-02
-2.862628996372222900e-01
4.143673926591873169e-02
9.635289758443832397e-02
2.290426343679428101e-01
1.393455862998962402e-01
-6.170247215777635574e-04
2.118092402815818787e-02
-1.743350476026535034e-01
1.727105975151062012e-01
-1.985878944396972656e-01
2.749234437942504883e-02
1.284275203943252563e-01
5.449134856462478638e-02
3.789618611335754395e-02
2.174326404929161072e-02
-9.349529445171356201e-02
6.932543218135833740e-02
1.428899765014648438e-01
-1.559991687536239624e-01
-4.002328962087631226e-02
9.074857085943222046e-02
-4.697641730308532715e-02
-1.634759455919265747e-02
-1.535469442605972290e-01
2.247553169727325439e-01
1.121777370572090149e-01
-1.467908471822738647e-01
-1.789829432964324951e-01
1.226117238402366638e-01
-1.623004674911499023e-01
-9.409701079130172729e-02
5.723289027810096741e-02
-1.673961281776428223e-01
-2.007469385862350464e-01
-2.988291680812835693e-01
-2.322470396757125854e-02
3.477104902267456055e-01
1.462985873222351074e-01
-1.863801479339599609e-01
6.076246500015258789e-02
-7.138114422559738159e-02
3.493412211537361145e-02
1.455123871564865112e-01
1.791310608386993408e-01
3.373356163501739502e-02
4.564889520406723022e-02
-8.720776438713073730e-02
-7.996056228876113892e-05
2.748608589172363281e-01
-1.321355402469635010e-01
-4.713442176580429077e-03
2.647771239280700684e-01
8.226018399000167847e-03
7.080938667058944702e-02
-1.084632705897092819e-03
-3.244415391236543655e-03
-9.454380720853805542e-02
3.286805748939514160e-02
-1.211829483509063721e-01
3.963274881243705750e-02
3.308535367250442505e-02
4.006791394203901291e-03
-1.563735678791999817e-02
1.146523728966712952e-01
-1.562133580446243286e-01
8.435745537281036377e-02
-7.446485571563243866e-03
2.105946652591228485e-03
3.409102186560630798e-02
-8.386914618313312531e-03
-1.081755384802818298e-01
-9.740830957889556885e-02
1.248245909810066223e-01
-1.924144178628921509e-01
1.597910374402999878e-01
1.117077022790908813e-01
9.321956336498260498e-02
6.897012144327163696e-02
1.161509379744529724e-01
9.853532910346984863e-02
-3.698618337512016296e-02
-7.298299670219421387e-02
-2.601287961006164551e-01
1.453527994453907013e-02
1.654177904129028320e-01
-1.599385216832160950e-02
6.017562747001647949e-02
-4.531241580843925476e-02
name:JeongHyeon
-7.290503382682800293e-02
7.388848066329956055e-02
5.089119821786880493e-02
-1.310690343379974365e-01
-1.760518550872802734e-01
-7.179079577326774597e-03
-6.049896031618118286e-02
-2.677187323570251465e-02
1.356989294290542603e-01
-1.621341109275817871e-01
2.474494725465774536e-01
-6.885909289121627808e-02
-2.141659259796142578e-01
5.068283062428236008e-03
-6.472744047641754150e-02
1.865608394145965576e-01
-1.643791943788528442e-01
-1.515439748764038086e-01
-3.363143652677536011e-02
2.702659368515014648e-02
9.008918702602386475e-02
3.081738576292991638e-02
-5.584329366683959961e-02
1.534927263855934143e-02
-9.850044548511505127e-02
-3.695493042469024658e-01
-1.187566891312599182e-01
1.905505359172821045e-02
-5.079141259193420410e-02
-9.416092187166213989e-02
7.461744360625743866e-03
-4.249060526490211487e-03
-2.057558298110961914e-01
2.670750208199024200e-02
2.971272543072700500e-02
9.224299341440200806e-02
-2.748201973736286163e-02
-1.078149229288101196e-01
1.035333573818206787e-01
-1.685569528490304947e-03
-3.175805807113647461e-01
1.023126095533370972e-01
1.210604012012481689e-01
2.336024492979049683e-01
1.385472118854522705e-01
3.170522674918174744e-02
-3.297971189022064209e-02
-1.341463625431060791e-01
9.884978085756301880e-02
-1.895636916160583496e-01
-1.417052373290061951e-02
1.490768641233444214e-01
1.585691422224044800e-02
4.538383334875106812e-02
4.503795877099037170e-03
-7.925135642290115356e-02
4.874269664287567139e-02
1.000363975763320923e-01
-1.327641457319259644e-01
-1.896488666534423828e-02
1.048339977860450745e-01
-7.401914894580841064e-02
1.363221183419227600e-02
-1.419219374656677246e-01
2.120409011840820312e-01
7.365860044956207275e-02
-1.286764144897460938e-01
-2.534368932247161865e-01
8.688249439001083374e-02
-2.192754000425338745e-01
-1.129519119858741760e-01
7.726295292377471924e-02
-1.173996552824974060e-01
-1.910428851842880249e-01
-2.861212491989135742e-01
1.211337186396121979e-02
3.190913498401641846e-01
1.420246064662933350e-01
-1.476901620626449585e-01
9.964597970247268677e-02
-2.115550078451633453e-02
2.741087600588798523e-02
1.089135333895683289e-01
1.657731533050537109e-01
3.336965292692184448e-02
8.666196465492248535e-02
-1.319413185119628906e-01
1.803939044475555420e-02
3.323077559471130371e-01
-9.640711545944213867e-02
7.427287753671407700e-03
2.633382678031921387e-01
6.800310686230659485e-03
7.796910405158996582e-02
1.514142286032438278e-02
1.622585207223892212e-02
-8.051022887229919434e-02
8.126582950353622437e-03
-1.626120358705520630e-01
2.655044384300708771e-02
-1.156940404325723648e-02
-4.387662559747695923e-02
-5.864497646689414978e-02
1.121347323060035706e-01
-1.544667333364486694e-01
1.214580163359642029e-01
-2.398785948753356934e-02
6.634063087403774261e-03
-3.116900660097599030e-02
3.669040277600288391e-02
-8.532795310020446777e-02
-7.715588063001632690e-02
9.782066196203231812e-02
-2.363119423389434814e-01
2.246310263872146606e-01
1.785219460725784302e-01
1.223860159516334534e-01
8.305783569812774658e-02
1.825214922428131104e-01
4.632530733942985535e-02
-1.452769432216882706e-02
-4.959503561258316040e-02
-1.841042935848236084e-01
-4.255910217761993408e-02
3.134665265679359436e-02
-5.489617213606834412e-02
9.237724542617797852e-02
-3.236002288758754730e-03
name:JeongHyeon_2
-4.331339150667190552e-02
1.449968963861465454e-01
3.414900973439216614e-02
-5.237155407667160034e-02
-1.698821783065795898e-01
3.048103768378496170e-03
-9.470753371715545654e-02
-5.060324817895889282e-02
1.554852575063705444e-01
-9.503406286239624023e-02
2.288331687450408936e-01
-6.760723888874053955e-02
-2.133427113294601440e-01
-1.485151797533035278e-02
-1.037620455026626587e-01
2.259648889303207397e-01
-2.201456427574157715e-01
-1.862133890390396118e-01
2.796260453760623932e-02
3.823947161436080933e-02
9.652139246463775635e-02
4.672762006521224976e-02
-9.375435300171375275e-03
5.062295496463775635e-02
-1.395741105079650879e-01
-3.765151202678680420e-01
-9.352038055658340454e-02
-8.007746934890747070e-02
-3.243636339902877808e-02
-9.650131314992904663e-02
-2.158178761601448059e-02
6.569952517747879028e-02
-1.584862917661666870e-01
1.872932538390159607e-03
4.458762332797050476e-02
4.702351987361907959e-02
-2.494578249752521515e-02
-9.854257106781005859e-02
1.823159456253051758e-01
1.841911487281322479e-02
-3.103124201297760010e-01
8.285594731569290161e-02
7.974231988191604614e-02
2.665608525276184082e-01
1.314401328563690186e-01
4.107169434428215027e-02
2.695442736148834229e-02
-1.517640501260757446e-01
1.034314557909965515e-01
-1.453021317720413208e-01
2.319886162877082825e-02
1.803140640258789062e-01
6.467133015394210815e-02
4.340493306517601013e-02
-1.292454823851585388e-02
-1.033263355493545532e-01
2.322174608707427979e-02
7.353172451257705688e-02
-1.063127592206001282e-01
-2.579927630722522736e-02
1.234042495489120483e-01
-4.437653720378875732e-02
3.242966532707214355e-02
-1.408729404211044312e-01
2.236945778131484985e-01
3.689255192875862122e-02
-9.145836532115936279e-02
-1.839866787195205688e-01
1.345456242561340332e-01
-1.470746099948883057e-01
-1.547552198171615601e-01
7.613010704517364502e-02
-1.434776186943054199e-01
-1.717289835214614868e-01
-2.872712910175323486e-01
-2.295161597430706024e-02
3.662298321723937988e-01
1.118095815181732178e-01
-1.408932060003280640e-01
9.550639241933822632e-02
2.042607637122273445e-03
1.872261613607406616e-02
8.105328679084777832e-02
1.892998069524765015e-01
-2.782867662608623505e-02
5.579415708780288696e-02
-9.774938970804214478e-02
1.756823249161243439e-02
2.961271405220031738e-01
-7.853391766548156738e-02
-2.320568449795246124e-02
2.126125991344451904e-01
8.902283385396003723e-03
1.107933223247528076e-01
3.249086812138557434e-02
8.960064733400940895e-04
-3.050970472395420074e-02
4.963499680161476135e-02
-1.134768277406692505e-01
3.505425155162811279e-02
-2.131797373294830322e-05
-9.473469108343124390e-03
-5.331517010927200317e-02
1.344748437404632568e-01
-1.432264894247055054e-01
8.317027240991592407e-02
-5.115733947604894638e-03
3.474032133817672729e-02
-5.135436076670885086e-03
8.952912688255310059e-02
-9.707788378000259399e-02
-7.867287099361419678e-02
1.303743422031402588e-01
-2.214328348636627197e-01
2.023272663354873657e-01
1.430777758359909058e-01
8.130919188261032104e-02
7.009302824735641479e-02
1.562331914901733398e-01
8.019101619720458984e-02
-4.230122268199920654e-02
-7.683815062046051025e-02
-2.541005909442901611e-01
-4.125656187534332275e-02
1.274349689483642578e-01
-5.604729428887367249e-02
9.378760308027267456e-02
1.726657524704933167e-02
name:SeokHwa
-3.589510545134544373e-02
9.026977419853210449e-02
-2.335390448570251465e-02
-6.087733432650566101e-02
-1.810794174671173096e-01
-4.721465520560741425e-04
-4.316129907965660095e-02
-7.424121350049972534e-02
8.990429341793060303e-02
-8.877687901258468628e-02
2.567036449909210205e-01
-7.017615437507629395e-02
-2.377077341079711914e-01
-5.284891277551651001e-02
-9.366543591022491455e-02
1.673784255981445312e-01
-2.100962102413177490e-01
-1.293798983097076416e-01
-1.907565258443355560e-02
3.346534818410873413e-02
1.490521281957626343e-01
9.900699555873870850e-02
-1.875717565417289734e-02
5.011533200740814209e-02
-1.103328913450241089e-01
-3.158056139945983887e-01
-9.028865396976470947e-02
-7.808805257081985474e-02
-2.090606838464736938e-02
-1.167454048991203308e-01
-1.299349311739206314e-02
5.075016990303993225e-02
-1.502886265516281128e-01
-1.835203543305397034e-02
5.829154327511787415e-02
-1.411914452910423279e-02
-4.352505132555961609e-02
-7.561881840229034424e-02
1.898407340049743652e-01
3.396871313452720642e-02
-2.759963274002075195e-01
9.800615161657333374e-02
1.194097921252250671e-01
2.478505223989486694e-01
1.400712430477142334e-01
1.921917498111724854e-02
-2.546034008264541626e-02
-1.607288569211959839e-01
8.989061415195465088e-02
-1.962704062461853027e-01
-1.572019048035144806e-02
1.975409835577011108e-01
7.573132216930389404e-02
4.616526886820793152e-02
-3.228114917874336243e-02
-8.680605888366699219e-02
1.868769526481628418e-02
8.215449005365371704e-02
-1.818780601024627686e-01
-6.036139559000730515e-03
1.014561876654624939e-01
-8.296130597591400146e-02
-1.502623874694108963e-02
-1.076312288641929626e-01
1.535976976156234741e-01
2.042204141616821289e-02
-1.181883290410041809e-01
-1.980650424957275391e-01
3.925902023911476135e-02
-2.008450925350189209e-01
-1.573727130889892578e-01
1.126638427376747131e-01
-1.234739869832992554e-01
-2.010401338338851929e-01
-2.613258063793182373e-01
-2.334191091358661652e-02
3.590818941593170166e-01
9.875304996967315674e-02
-1.345393657684326172e-01
9.997817873954772949e-02
-2.760140225291252136e-02
-3.102230653166770935e-02
9.988250583410263062e-02
1.367764323949813843e-01
2.925602719187736511e-03
2.041535079479217529e-02
-8.780266344547271729e-02
5.217774212360382080e-02
2.375003099441528320e-01
-1.131180301308631897e-01
1.200041640549898148e-02
2.703590095043182373e-01
2.437860518693923950e-02
9.046821296215057373e-02
5.228048563003540039e-02
4.754678159952163696e-02
-3.417377173900604248e-02
1.961764320731163025e-02
-7.172042131423950195e-02
4.208773747086524963e-02
-2.998498268425464630e-03
-6.893353909254074097e-02
-1.493148412555456161e-02
7.594280689954757690e-02
-1.523472815752029419e-01
1.140155121684074402e-01
-1.449944265186786652e-02
-3.509032074362039566e-03
-8.344459347426891327e-04
-4.942694678902626038e-02
-7.968519628047943115e-02
-3.181853517889976501e-02
1.143072322010993958e-01
-2.535645067691802979e-01
2.065696120262145996e-01
1.368944346904754639e-01
7.446563988924026489e-02
8.511198312044143677e-02
1.252797544002532959e-01
3.271736949682235718e-02
-5.837851017713546753e-02
-8.328830450773239136e-02
-2.265067994594573975e-01
-4.162557795643806458e-02
1.184765994548797607e-01
-5.714285746216773987e-02
8.408957719802856445e-02
-6.134591251611709595e-02
name:JeongHyeon_3
-2.344673313200473785e-02
1.318988502025604248e-01
1.888164877891540527e-02
-5.002108588814735413e-02
-1.748858094215393066e-01
-2.165938541293144226e-02
-9.196224063634872437e-02
-2.586789242923259735e-02
1.782971471548080444e-01
-9.832970052957534790e-02
2.050056010484695435e-01
-8.185586333274841309e-02
-2.042703628540039062e-01
-1.007364131510257721e-02
-1.068893074989318848e-01
2.455873936414718628e-01
-2.194605469703674316e-01
-1.742393225431442261e-01
1.480629201978445053e-02
4.786607250571250916e-02
1.004082411527633667e-01
5.527365580201148987e-02
-3.759427927434444427e-03
5.870681628584861755e-02
-1.237398311495780945e-01
-3.954941332340240479e-01
-9.255795925855636597e-02
-8.146519958972930908e-02
-5.467775464057922363e-02
-8.732617646455764771e-02
-4.255459830164909363e-02
7.050814479589462280e-02
-1.484394222497940063e-01
-1.159274205565452576e-02
5.963259562849998474e-02
5.726220458745956421e-02
-2.257848531007766724e-02
-9.972466528415679932e-02
1.762382835149765015e-01
1.824218779802322388e-02
-3.313148915767669678e-01
8.459201455116271973e-02
9.695105999708175659e-02
2.667731344699859619e-01
1.523317098617553711e-01
5.275142565369606018e-02
2.690682746469974518e-02
-1.425435692071914673e-01
1.078895851969718933e-01
-1.556384712457656860e-01
8.458705618977546692e-03
1.719607859849929810e-01
5.066436901688575745e-02
4.837469011545181274e-02
7.049727719277143478e-03
-9.478207677602767944e-02
2.748029306530952454e-02
8.299677073955535889e-02
-1.120577231049537659e-01
-3.827977925539016724e-02
1.238562613725662231e-01
-6.348589807748794556e-02
3.152632340788841248e-02
-1.443101912736892700e-01
2.488903254270553589e-01
3.026456944644451141e-02
-1.094875335693359375e-01
-1.903991699218750000e-01
1.105567812919616699e-01
-1.812868118286132812e-01
-1.506226509809494019e-01
7.572780549526214600e-02
-1.256062835454940796e-01
-1.695853769779205322e-01
-3.039948344230651855e-01
-4.277522489428520203e-02
3.584509193897247314e-01
1.175980418920516968e-01
-1.430216580629348755e-01
1.097802892327308655e-01
-7.490226998925209045e-03
1.960694044828414917e-02
8.505209535360336304e-02
2.075779139995574951e-01
4.340693354606628418e-03
6.999345868825912476e-02
-1.190562248229980469e-01
-1.210292149335145950e-02
2.953850924968719482e-01
-9.474451094865798950e-02
-4.926449619233608246e-03
2.201773673295974731e-01
-1.953823491930961609e-03
1.001144945621490479e-01
1.274364721029996872e-02
1.157944276928901672e-02
-5.736780911684036255e-02
4.485453665256500244e-02
-9.605357050895690918e-02
3.076510503888130188e-02
1.048458833247423172e-02
-1.642784103751182556e-02
-6.295114755630493164e-02
1.157071366906166077e-01
-1.604123860597610474e-01
7.881188392639160156e-02
-3.281863778829574585e-02
4.309613257646560669e-02
-4.047020804136991501e-03
7.141561806201934814e-02
-8.133265376091003418e-02
-7.673092931509017944e-02
1.265413165092468262e-01
-2.394427657127380371e-01
1.931080520153045654e-01
1.398424506187438965e-01
5.803120136260986328e-02
8.663990348577499390e-02
1.368947625160217285e-01
9.013783931732177734e-02
-5.807853490114212036e-02
-8.146502077579498291e-02
-2.546733617782592773e-01
-5.044586583971977234e-02
1.040327697992324829e-01
-4.449172690510749817e-02
1.006866693496704102e-01
1.858988776803016663e-02
name:HyeonJu
-3.088690526783466339e-02
2.933165431022644043e-02
3.615375608205795288e-02
-9.305609762668609619e-02
-1.225360855460166931e-01
-1.309508644044399261e-02
-6.119203194975852966e-02
-3.985394909977912903e-02
1.644379347562789917e-01
-1.466577798128128052e-01
1.790781617164611816e-01
-5.787840485572814941e-02
-1.929861605167388916e-01
-7.155302911996841431e-03
-8.817175030708312988e-02
2.224954813718795776e-01
-2.028879225254058838e-01
-1.532170921564102173e-01
-8.692210912704467773e-02
6.628068536520004272e-02
6.672979146242141724e-02
4.690422117710113525e-02
-7.972192950546741486e-03
1.560809742659330368e-02
-9.449890255928039551e-02
-3.645141720771789551e-01
-9.216643124818801880e-02
-3.698129579424858093e-02
-6.168870255351066589e-02
-6.628054380416870117e-02
-2.319289557635784149e-02
3.255189210176467896e-02
-1.837745159864425659e-01
8.690679445862770081e-03
2.980909682810306549e-02
6.951714307069778442e-02
-2.805259265005588531e-02
-1.255565434694290161e-01
1.673322021961212158e-01
5.355166271328926086e-02
-3.063423931598663330e-01
8.343714475631713867e-02
1.844840310513973236e-02
2.481079399585723877e-01
1.433320045471191406e-01
-1.873208396136760712e-02
2.806041389703750610e-03
-1.364493817090988159e-01
1.507896482944488525e-01
-1.972508281469345093e-01
1.490820385515689850e-02
1.231384426355361938e-01
4.844968765974044800e-02
5.511868745088577271e-02
1.473711058497428894e-02
-9.796078503131866455e-02
3.150063008069992065e-02
1.417996734380722046e-01
-1.117403954267501831e-01
-1.538621261715888977e-02
7.078143209218978882e-02
-3.648450225591659546e-02
4.138474352657794952e-03
-1.516442596912384033e-01
1.708916723728179932e-01
6.166533008217811584e-02
-1.208493188023567200e-01
-2.230746597051620483e-01
8.557876199483871460e-02
-1.257383823394775391e-01
-7.559375464916229248e-02
4.070611670613288879e-02
-1.533685028553009033e-01
-2.008193284273147583e-01
-2.677798569202423096e-01
1.393686048686504364e-03
3.287033140659332275e-01
1.072392985224723816e-01
-1.979665756225585938e-01
4.504164680838584900e-02
-1.802268996834754944e-02
9.040760807693004608e-03
9.879761934280395508e-02
1.807933151721954346e-01
3.147403895854949951e-02
1.109738349914550781e-01
-9.009709954261779785e-02
2.719023451209068298e-02
2.595641613006591797e-01
-1.149495765566825867e-01
-2.389225363731384277e-02
2.447949945926666260e-01
-1.528833806514739990e-02
6.349401921033859253e-02
-2.112423069775104523e-03
-2.800011262297630310e-02
-5.682108551263809204e-02
7.646408677101135254e-02
-1.584239453077316284e-01
3.415203094482421875e-02
4.248129948973655701e-02
6.049119867384433746e-03
-3.995013236999511719e-02
8.967164158821105957e-02
-9.373804926872253418e-02
1.193569302558898926e-01
-1.064079627394676208e-02
3.095307573676109314e-02
1.065702643245458603e-02
1.336550153791904449e-02
-1.272870004177093506e-01
-8.488707244396209717e-02
1.301712095737457275e-01
-1.808699369430541992e-01
1.888247132301330566e-01
1.597287505865097046e-01
9.671098738908767700e-02
8.465802669525146484e-02
1.422108113765716553e-01
6.061760708689689636e-02
-1.956222578883171082e-02
9.711910039186477661e-03
-2.405277639627456665e-01
2.360692713409662247e-03
1.176785081624984741e-01
2.133179455995559692e-02
6.440684199333190918e-02
-6.283400114625692368e-03
name:SoYeon
-2.646775171160697937e-02
5.934607982635498047e-02
-3.359882533550262451e-02
-4.300159960985183716e-02
-1.421086043119430542e-01
-3.882346674799919128e-02
-6.365337222814559937e-02
-5.922649055719375610e-02
1.269968003034591675e-01
-8.958501368761062622e-02
1.639526188373565674e-01
-7.782714068889617920e-02
-1.642020791769027710e-01
-3.863269090652465820e-02
-8.670991659164428711e-02
2.181971222162246704e-01
-2.566454708576202393e-01
-1.644951254129409790e-01
-3.186725825071334839e-02
4.856876097619533539e-03
1.039066985249519348e-01
8.175434917211532593e-02
-2.352101914584636688e-02
6.431590020656585693e-02
-1.258434057235717773e-01
-3.355260789394378662e-01
-7.225267589092254639e-02
-7.634247839450836182e-02
6.827246397733688354e-04
-4.276837036013603210e-02
-1.614237949252128601e-02
6.994177401065826416e-02
-1.740112453699111938e-01
-3.191462159156799316e-02
9.142847359180450439e-02
3.034214489161968231e-02
-3.611290594562888145e-03
-1.170269548892974854e-01
2.031794190406799316e-01
6.109993532299995422e-02
-2.884877920150756836e-01
7.512141019105911255e-02
1.100887134671211243e-01
2.330323457717895508e-01
1.748338639736175537e-01
2.647166885435581207e-02
2.813861705362796783e-02
-1.223468557000160217e-01
1.569455862045288086e-01
-1.949473619461059570e-01
2.482471615076065063e-02
1.703087687492370605e-01
9.388291835784912109e-02
4.434934630990028381e-02
-2.030540257692337036e-03
-9.590573608875274658e-02
4.813658073544502258e-03
1.198318302631378174e-01
-1.361371874809265137e-01
-2.993507683277130127e-02
1.188339591026306152e-01
-3.705357015132904053e-02
1.281449012458324432e-02
-1.434703022241592407e-01
1.716367155313491821e-01
1.509954128414392471e-02
-9.081737697124481201e-02
-1.815836280584335327e-01
1.389545202255249023e-01
-1.666631996631622314e-01
-1.424466818571090698e-01
5.584456026554107666e-02
-1.174985542893409729e-01
-1.788008213043212891e-01
-2.696401178836822510e-01
-5.958406254649162292e-03
3.810524642467498779e-01
1.339903026819229126e-01
-1.060702651739120483e-01
1.143400371074676514e-01
1.138558704406023026e-02
-1.481622457504272461e-02
7.075408101081848145e-02
1.803287416696548462e-01
1.067160815000534058e-02
4.473494738340377808e-02
-3.124131634831428528e-02
2.309339493513107300e-02
2.616646885871887207e-01
-4.803159460425376892e-02
-1.379174832254648209e-02
2.055767327547073364e-01
-2.757534384727478027e-03
6.427814066410064697e-02
2.496317028999328613e-02
-2.798242308199405670e-02
-3.068723902106285095e-02
5.215283483266830444e-02
-7.285729050636291504e-02
4.608485847711563110e-02
-1.469948422163724899e-02
-4.079632461071014404e-03
-3.461563028395175934e-03
1.050965711474418640e-01
-1.309823691844940186e-01
1.191082447767257690e-01
-5.313946679234504700e-02
9.040945209562778473e-03
-1.658551394939422607e-02
2.021094784140586853e-02
-6.257411092519760132e-02
-2.326008304953575134e-02
1.007690355181694031e-01
-2.078885883092880249e-01
1.745606511831283569e-01
1.223505884408950806e-01
6.783050298690795898e-02
1.096947416663169861e-01
9.101065248250961304e-02
7.943708449602127075e-02
-1.234015356749296188e-02
-3.939690068364143372e-02
-2.719143927097320557e-01
-6.577420234680175781e-02
1.233591362833976746e-01
-5.703146010637283325e-02
9.431065618991851807e-02
5.039810203015804291e-04
name:JeongHun
-1.049999594688415527e-01
1.344889849424362183e-01
6.417600065469741821e-02
-2.452794276177883148e-02
-1.362311542034149170e-01
-3.156714141368865967e-03
-5.353159829974174500e-02
-8.867213875055313110e-02
9.164994210004806519e-02
-7.530426979064941406e-02
2.347889244556427002e-01
-5.592476204037666321e-02
-2.672258913516998291e-01
-2.408464252948760986e-02
-5.555381253361701965e-02
1.864212006330490112e-01
-1.079970672726631165e-01
-1.329169273376464844e-01
-6.191978231072425842e-02
-2.882464230060577393e-02
1.387336701154708862e-01
5.404223874211311340e-02
4.477424919605255127e-02
1.114905625581741333e-02
-1.421555280685424805e-01
-2.920157611370086670e-01
-7.909538596868515015e-02
-1.809462532401084900e-02
3.174819424748420715e-02
-6.026635318994522095e-02
-6.192460283637046814e-02
4.541403055191040039e-02
-2.090362757444381714e-01
-3.280664235353469849e-02
3.727760910987854004e-02
4.040001705288887024e-02
-2.327575907111167908e-02
-6.084978580474853516e-02
1.561244428157806396e-01
1.419447269290685654e-02
-2.734905183315277100e-01
3.710324689745903015e-02
7.538139075040817261e-02
2.475693821907043457e-01
1.537114381790161133e-01
4.833359271287918091e-02
1.781489700078964233e-04
-1.758995652198791504e-01
6.566194444894790649e-02
-1.674519926309585571e-01
7.220866531133651733e-02
1.700947582721710205e-01
6.180822104215621948e-02
4.167154058814048767e-02
1.169235445559024811e-02
-7.563374936580657959e-02
3.908861055970191956e-02
1.391237527132034302e-01
-1.265351772308349609e-01
4.000745341181755066e-02
1.246962919831275940e-01
-6.662075966596603394e-02
-1.842648535966873169e-02
-1.358815431594848633e-01
2.034579515457153320e-01
2.853742241859436035e-02
-1.186314299702644348e-01
-1.614201813936233521e-01
9.885088354349136353e-02
-1.132621839642524719e-01
-1.158658191561698914e-01
1.176009178161621094e-01
-1.388788372278213501e-01
-1.791790574789047241e-01
-3.288863897323608398e-01
3.599596023559570312e-02
3.813250064849853516e-01
8.577845245599746704e-02
-2.046799361705780029e-01
4.422868788242340088e-02
2.339006401598453522e-03
3.505855333060026169e-03
1.510165035724639893e-01
1.620499491691589355e-01
-4.976509511470794678e-02
8.104192093014717102e-04
-1.053928285837173462e-01
1.204253640025854111e-02
2.804567217826843262e-01
-9.177430719137191772e-02
-3.544674441218376160e-02
2.750057876110076904e-01
3.904142230749130249e-02
3.794805705547332764e-02
3.343761339783668518e-02
1.010179892182350159e-01
-7.528997957706451416e-02
-2.651708386838436127e-02
-1.423670947551727295e-01
-4.402172192931175232e-02
5.711566284298896790e-02
-6.339356303215026855e-02
-6.493581831455230713e-02
1.417324095964431763e-01
-1.422428339719772339e-01
7.535038888454437256e-02
-8.754523470997810364e-03
2.347847260534763336e-02
2.826597727835178375e-02
-3.032950498163700104e-02
-1.066052615642547607e-01
-1.095670685172080994e-01
8.909209072589874268e-02
-1.995184272527694702e-01
1.640042215585708618e-01
1.698194146156311035e-01
6.307741254568099976e-02
4.173236712813377380e-02
1.596393734216690063e-01
9.067568182945251465e-02
5.045112222433090210e-03
-1.905842497944831848e-02
-1.719508916139602661e-01
-4.682552814483642578e-02
1.772671639919281006e-01
-6.044483557343482971e-02
6.580138951539993286e-02
-7.933158427476882935e-03
name:JaeHyeok
-6.789541244506835938e-02
5.753252655267715454e-02
-3.075325302779674530e-02
-1.985214650630950928e-02
-1.042617335915565491e-01
-4.018143564462661743e-02
-5.398786440491676331e-02
-9.855536371469497681e-02
7.515601068735122681e-02
-3.187869861721992493e-02
2.083184570074081421e-01
-9.728702902793884277e-02
-2.719545960426330566e-01
-7.927206158638000488e-02
-6.834504753351211548e-02
1.903789341449737549e-01
-1.218956410884857178e-01
-1.143892109394073486e-01
-4.048004001379013062e-02
6.024116277694702148e-02
1.396930515766143799e-01
-2.834451943635940552e-02
3.178723901510238647e-02
9.345196932554244995e-02
-7.064924389123916626e-02
-2.865309119224548340e-01
-9.465318173170089722e-02
-7.287897914648056030e-02
-3.896759822964668274e-03
-8.502643555402755737e-02
-5.827918648719787598e-02
5.803432315587997437e-03
-1.556225717067718506e-01
-5.005789920687675476e-02
5.301279947161674500e-02
6.695744395256042480e-02
-2.010180056095123291e-02
-1.161625012755393982e-01
1.845329552888870239e-01
-5.228349938988685608e-03
-2.705622613430023193e-01
3.101210668683052063e-02
8.195167779922485352e-02
2.249087244272232056e-01
1.545648574829101562e-01
6.536334753036499023e-02
1.099030766636133194e-02
-1.406885981559753418e-01
1.077596321702003479e-01
-1.643771082162857056e-01
4.000022262334823608e-02
1.332505792379379272e-01
1.169718727469444275e-01
3.397503122687339783e-02
2.371104434132575989e-03
-1.533446609973907471e-01
5.499137565493583679e-02
1.375913918018341064e-01
-1.647867113351821899e-01
1.783048361539840698e-02
6.827977299690246582e-02
-9.601339697837829590e-03
1.202043984085321426e-02
-1.268232762813568115e-01
2.331657111644744873e-01
6.283328682184219360e-02
-1.476631462574005127e-01
-1.548747867345809937e-01
1.098724752664566040e-01
-1.533304303884506226e-01
-8.381295204162597656e-02
1.010762229561805725e-01
-1.770211160182952881e-01
-2.057220786809921265e-01
-3.025341928005218506e-01
-5.215331912040710449e-03
3.837684392929077148e-01
1.035258546471595764e-01
-1.957689821720123291e-01
2.056391909718513489e-02
-1.652909442782402039e-02
2.261966839432716370e-02
1.159173250198364258e-01
1.411145478487014771e-01
-4.886751994490623474e-03
9.119129739701747894e-03
-1.088834106922149658e-01
-5.969628691673278809e-02
2.482480406761169434e-01
-8.830913901329040527e-02
-4.712106287479400635e-02
1.989807039499282837e-01
6.946712732315063477e-03
5.828753113746643066e-02
2.081853337585926056e-02
2.165972068905830383e-02
-3.635316342115402222e-02
1.620973274111747742e-02
-1.142317429184913635e-01
-9.191861376166343689e-03
-3.613413311541080475e-03
-8.371189981698989868e-02
-1.437481958419084549e-02
9.748370200395584106e-02
-1.346914470195770264e-01
4.049437120556831360e-02
2.148532122373580933e-02
2.929724752902984619e-02
5.867402069270610809e-03
3.064349293708801270e-02
-1.593016833066940308e-01
-6.937990337610244751e-02
1.184682622551918030e-01
-2.418839931488037109e-01
2.324757874011993408e-01
1.695472896099090576e-01
1.173235699534416199e-01
2.979295700788497925e-02
1.219609975814819336e-01
1.045998707413673401e-01
-3.180772066116333008e-03
-1.183080673217773438e-02
-1.792526841163635254e-01
-3.116469830274581909e-02
1.308207213878631592e-01
-4.164908826351165771e-02
1.004353016614913940e-01
-1.822598651051521301e-02
name:JeongHyeon_4
-7.108299061655998230e-03
1.161601915955543518e-01
6.175096705555915833e-02
-5.462723225355148315e-02
-1.625569015741348267e-01
1.655361801385879517e-02
-7.980559766292572021e-02
-5.174101330339908600e-03
1.887464970350265503e-01
-1.237173676490783691e-01
2.367012351751327515e-01
-7.551350444555282593e-02
-1.808464825153350830e-01
3.581739217042922974e-02
-8.869319409132003784e-02
2.367743700742721558e-01
-2.110399156808853149e-01
-1.655841171741485596e-01
-1.051305979490280151e-02
-1.010629907250404358e-02
7.516249269247055054e-02
9.297353029251098633e-02
-2.409595996141433716e-02
6.049638614058494568e-02
-2.120229899883270264e-01
-3.820824623107910156e-01
-8.346140384674072266e-02
-1.019496023654937744e-01
-6.581641733646392822e-02
-8.093152195215225220e-02
-4.437638819217681885e-02
8.527305722236633301e-02
-1.137455180287361145e-01
4.997264221310615540e-02
8.798658847808837891e-02
7.881091535091400146e-02
-3.899972140789031982e-02
-1.204632744193077087e-01
2.092697024345397949e-01
5.756521597504615784e-02
-2.794826328754425049e-01
6.032382324337959290e-02
1.067308485507965088e-01
2.752691805362701416e-01
1.577823460102081299e-01
2.673604339361190796e-02
5.397899076342582703e-02
-1.261816322803497314e-01
1.503731459379196167e-01
-1.766498535871505737e-01
-1.974839717149734497e-03
2.084577530622482300e-01
4.788794368505477905e-02
9.953341633081436157e-02
3.552472218871116638e-02
-6.245913729071617126e-02
3.379116207361221313e-02
1.135054081678390503e-01
-9.766567498445510864e-02
-2.237646467983722687e-02
1.045166924595832825e-01
-9.478332847356796265e-02
4.231566935777664185e-02
-1.303949952125549316e-01
2.608966231346130371e-01
3.726870194077491760e-02
-1.254090964794158936e-01
-1.463668197393417358e-01
1.192534714937210083e-01
-1.666413843631744385e-01
-1.881086975336074829e-01
3.672527894377708435e-02
-1.634419411420822144e-01
-1.652066111564636230e-01
-3.129173219203948975e-01
-3.119467385113239288e-02
3.742422461509704590e-01
1.351025253534317017e-01
-1.437858343124389648e-01
1.150322854518890381e-01
-2.004382200539112091e-03
1.668359152972698212e-02
8.390687406063079834e-02
2.251712083816528320e-01
-1.246255170553922653e-02
3.183272480964660645e-02
-8.848074823617935181e-02
2.192370221018791199e-02
3.360497653484344482e-01
-9.536249190568923950e-02
2.142577432096004486e-02
2.035805284976959229e-01
-1.256277225911617279e-02
8.612108230590820312e-02
-5.465145222842693329e-04
-5.599309224635362625e-03
-8.327455073595046997e-02
1.185320317745208740e-02
-5.826225131750106812e-02
4.409090802073478699e-02
-1.979567669332027435e-02
-2.131260000169277191e-03
-4.440113902091979980e-02
1.240694150328636169e-01
-2.043183147907257080e-01
9.589596092700958252e-02
-4.391316324472427368e-02
-5.262789782136678696e-03
-5.201731808483600616e-03
7.312694191932678223e-02
-7.580716162919998169e-02
-6.931567192077636719e-02
1.334488838911056519e-01
-2.398777455091476440e-01
1.626812368631362915e-01
1.405162215232849121e-01
4.173952341079711914e-02
1.091348603367805481e-01
1.223377734422683716e-01
9.818097949028015137e-02
-6.735526025295257568e-02
-5.327565222978591919e-02
-2.293063104152679443e-01
-6.593472510576248169e-02
7.860886305570602417e-02
-1.629689708352088928e-02
7.404449582099914551e-02
2.915806602686643600e-03
name:SeRim_1
-1.165547817945480347e-01
1.050664484500885010e-01
8.906555920839309692e-02
-8.029634505510330200e-02
-7.021503895521163940e-02
-3.207546472549438477e-02
-8.755937218666076660e-02
-9.894400089979171753e-02
1.198368668556213379e-01
-6.917558610439300537e-02
2.810321748256683350e-01
-5.950260162353515625e-02
-1.961750239133834839e-01
-1.121863946318626404e-01
-7.081183791160583496e-02
2.680693268775939941e-01
-1.756835728883743286e-01
-1.328680664300918579e-01
-9.343547374010086060e-02
8.128450252115726471e-03
1.761633530259132385e-02
-9.394948370754718781e-03
9.069795161485671997e-02
3.232761844992637634e-02
-1.204214543104171753e-01
-3.716886341571807861e-01
-3.470457345247268677e-02
-6.059905141592025757e-02
-1.470665540546178818e-02
-3.875311464071273804e-02
-7.297185063362121582e-02
5.070542171597480774e-02
-2.031956762075424194e-01
-9.524323046207427979e-03
3.689154610037803650e-02
1.101961880922317505e-01
-4.536464437842369080e-02
-9.109506756067276001e-02
2.026100158691406250e-01
-1.538190059363842010e-02
-2.995358705520629883e-01
5.292328447103500366e-02
5.557058006525039673e-02
2.246119081974029541e-01
2.130339741706848145e-01
-2.552650868892669678e-02
8.313202112913131714e-02
-1.738072633743286133e-01
1.562632024288177490e-01
-1.800628006458282471e-01
2.824215218424797058e-02
1.394230127334594727e-01
4.495190083980560303e-02
1.633376814424991608e-02
-1.670161075890064240e-02
-1.089949160814285278e-01
2.583744935691356659e-03
1.885694116353988647e-01
-1.130613163113594055e-01
-4.451090842485427856e-02
6.388001888990402222e-02
-4.170280694961547852e-02
-5.787491053342819214e-02
-1.229315474629402161e-01
2.152113914489746094e-01
1.418453603982925415e-01
-1.499481499195098877e-01
-2.287184745073318481e-01
1.399584114551544189e-01
-8.205585181713104248e-02
-3.768773749470710754e-02
8.402025699615478516e-02
-1.789714992046356201e-01
-1.756715178489685059e-01
-3.269759118556976318e-01
-5.231540650129318237e-03
3.540150821208953857e-01
2.902541309595108032e-03
-1.849912405014038086e-01
5.642203241586685181e-02
-6.488860398530960083e-02
1.636720262467861176e-02
7.050178945064544678e-02
1.937210410833358765e-01
-1.945980452001094818e-02
3.545896708965301514e-02
-8.344574272632598877e-02
-2.336543053388595581e-02
2.609297931194305420e-01
-1.055134832859039307e-01
-6.853498052805662155e-03
1.850209981203079224e-01
6.401156075298786163e-03
5.101950094103813171e-02
-9.963558986783027649e-03
4.653192311525344849e-02
-8.806396275758743286e-02
6.657934933900833130e-02
-1.439741551876068115e-01
9.254993870854377747e-03
-1.106186304241418839e-02
-9.711686521768569946e-03
-2.320978976786136627e-02
8.469999581575393677e-02
-1.562331169843673706e-01
1.067034155130386353e-01
9.734060615301132202e-03
6.562992185354232788e-02
6.472174078226089478e-02
-3.084392286837100983e-03
-2.608063071966171265e-02
-1.251010447740554810e-01
9.070743620395660400e-02
-2.056287527084350586e-01
2.020330727100372314e-01
1.840683072805404663e-01
9.027779847383499146e-02
9.245899319648742676e-02
1.656853556632995605e-01
9.734860807657241821e-02
5.645567551255226135e-03
5.059184134006500244e-02
-2.031216174364089966e-01
2.224782109260559082e-02
1.052214950323104858e-01
-3.000559844076633453e-02
4.703221097588539124e-02
9.391196072101593018e-03
name:SeRim_5
-1.125938817858695984e-01
9.663557261228561401e-02
5.844591930508613586e-02
-1.156618893146514893e-01
-1.634217202663421631e-01
-3.678720444440841675e-02
-5.761731788516044617e-02
-5.484009534120559692e-02
1.140845641493797302e-01
-8.241192251443862915e-02
2.956809103488922119e-01
-6.156681850552558899e-02
-2.332057803869247437e-01
-2.455659210681915283e-02
-9.518456459045410156e-02
2.565510272979736328e-01
-1.880044937133789062e-01
-1.211152300238609314e-01
-5.874106287956237793e-02
3.434172831475734711e-03
6.376414746046066284e-02
2.921696007251739502e-02
7.746269553899765015e-02
7.769698649644851685e-02
-1.675840318202972412e-01
-3.217773139476776123e-01
-2.020735293626785278e-02
-4.310440272092819214e-02
-1.423546522855758667e-01
-7.705079019069671631e-02
4.383346438407897949e-02
6.485018879175186157e-02
-2.111923396587371826e-01
3.103983774781227112e-02
3.982163965702056885e-02
5.109430104494094849e-02
-2.412328869104385376e-02
-7.898887991905212402e-02
2.210342437028884888e-01
3.599181398749351501e-02
-3.276988565921783447e-01
1.594097353518009186e-02
1.031770706176757812e-01
2.549913525581359863e-01
1.739141494035720825e-01
-3.412906825542449951e-02
4.932062700390815735e-02
-1.585468500852584839e-01
1.190013736486434937e-01
-1.726156473159790039e-01
3.208913654088973999e-02
1.328250467777252197e-01
6.427168101072311401e-02
-2.487782388925552368e-03
-3.306463733315467834e-02
-8.604428172111511230e-02
9.451602585613727570e-03
1.616677194833755493e-01
-9.086918085813522339e-02
-7.610718905925750732e-02
9.133701026439666748e-02
-2.473706752061843872e-02
-4.498688876628875732e-02
-1.446045935153961182e-01
2.652378678321838379e-01
9.378637373447418213e-02
-1.666217744350433350e-01
-2.048313915729522705e-01
1.210769861936569214e-01
-9.967409074306488037e-02
-1.406441628932952881e-01
9.248777478933334351e-02
-1.809241324663162231e-01
-1.915131509304046631e-01
-3.362008929252624512e-01
3.670601174235343933e-03
3.004961013793945312e-01
3.937441855669021606e-02
-1.959627419710159302e-01
5.720522254705429077e-02
-3.745766356587409973e-02
5.459706857800483704e-02
2.792737260460853577e-02
2.522866725921630859e-01
-1.827901229262351990e-02
1.122278273105621338e-01
-4.843764007091522217e-02
1.167420111596584320e-02
2.331405282020568848e-01
-1.151144951581954956e-01
-3.654617443680763245e-02
2.825041413307189941e-01
4.052709043025970459e-02
1.139889098703861237e-02
2.760800905525684357e-02
1.118120457977056503e-02
-6.115401536226272583e-02
4.686778783798217773e-02
-1.397150158882141113e-01
1.128909364342689514e-02
1.679943315684795380e-02
1.695842295885086060e-02
-1.155280740931630135e-03
1.181580126285552979e-01
-1.907989382743835449e-01
8.519353717565536499e-02
-4.700131714344024658e-02
2.784626744687557220e-02
2.813936769962310791e-02
4.213468730449676514e-02
-3.881693631410598755e-02
-1.683650314807891846e-01
6.409770250320434570e-02
-2.174131870269775391e-01
1.429841816425323486e-01
1.416856795549392700e-01
6.739931553602218628e-02
8.684013783931732178e-02
1.718688160181045532e-01
1.107445731759071350e-01
9.212303906679153442e-03
5.988484993577003479e-02
-1.645010113716125488e-01
3.032485209405422211e-02
1.416089534759521484e-01
-3.276761993765830994e-02
9.702958166599273682e-02
4.242565482854843140e-04
name:SeRim_4
-6.417074799537658691e-02
7.307158410549163818e-02
5.169156193733215332e-02
-8.695571124553680420e-02
-1.504763960838317871e-01
-7.743160426616668701e-02
-7.680068910121917725e-02
-8.922957628965377808e-02
1.152448058128356934e-01
-8.520828187465667725e-02
2.421559989452362061e-01
-3.076645173132419586e-02
-1.972560882568359375e-01
-6.771208345890045166e-02
-7.504033297300338745e-02
2.315882891416549683e-01
-1.912025958299636841e-01
-1.669633090496063232e-01
-8.052355051040649414e-02
1.680774614214897156e-02
6.131571158766746521e-02
2.203300781548023224e-02
8.841013908386230469e-02
4.522512480616569519e-02
-1.496867537498474121e-01
-3.286387324333190918e-01
-5.619150400161743164e-02
-3.751141577959060669e-02
-3.604708984494209290e-02
-2.157975547015666962e-02
-1.815320178866386414e-02
8.749846369028091431e-02
-2.069064080715179443e-01
-2.127415128052234650e-02
7.744145393371582031e-02
8.162460476160049438e-02
-3.565852716565132141e-02
-1.042151078581809998e-01
2.079535722732543945e-01
-5.255301669239997864e-02
-3.307699263095855713e-01
5.025318637490272522e-02
7.922448217868804932e-02
2.344367504119873047e-01
1.884272992610931396e-01
-3.497128933668136597e-02
8.876237273216247559e-02
-1.922440975904464722e-01
1.152049824595451355e-01
-1.715465486049652100e-01
6.364284455776214600e-02
1.484616547822952271e-01
5.266370251774787903e-02
1.676836609840393066e-02
-1.356860809028148651e-02
-9.399090707302093506e-02
2.731283195316791534e-03
1.871519386768341064e-01
-9.083656221628189087e-02
-5.954175442457199097e-02
1.225733384490013123e-01
-3.819140046834945679e-02
-1.730771176517009735e-02
-1.977381408214569092e-01
2.112925797700881958e-01
7.279989123344421387e-02
-1.533800810575485229e-01
-2.212039530277252197e-01
1.378592401742935181e-01
-1.172235310077667236e-01
-1.044650897383689880e-01
8.807916939258575439e-02
-1.747065186500549316e-01
-1.787440478801727295e-01
-3.333023190498352051e-01
-3.347414731979370117e-02
3.572365939617156982e-01
7.889933884143829346e-02
-1.610284894704818726e-01
7.108815759420394897e-02
-5.785500630736351013e-02
4.122152552008628845e-02
5.117708817124366760e-02
1.891220211982727051e-01
5.706381052732467651e-04
7.027398794889450073e-02
-8.014056086540222168e-02
4.726899787783622742e-02
2.757373154163360596e-01
-1.224037259817123413e-01
-3.087418153882026672e-02
2.033025473356246948e-01
4.585482552647590637e-02
4.418551549315452576e-02
-1.952469814568758011e-03
2.423649467527866364e-02
-4.815581440925598145e-02
8.024619519710540771e-02
-1.607274115085601807e-01
8.202137053012847900e-02
-2.694421261548995972e-02
2.613924071192741394e-02
-3.275926224887371063e-03
1.188896521925926208e-01
-9.657012671232223511e-02
9.970198571681976318e-02
-5.955175496637821198e-03
4.961860924959182739e-02
1.882173493504524231e-02
1.660206168889999390e-02
-6.434626877307891846e-02
-1.485254019498825073e-01
6.985390931367874146e-02
-2.102989703416824341e-01
1.867859363555908203e-01
1.461903154850006104e-01
1.099155694246292114e-01
9.726680815219879150e-02
1.411160975694656372e-01
1.076230257749557495e-01
1.452332362532615662e-03
-5.948354490101337433e-03
-2.277384847402572632e-01
1.823389157652854919e-02
1.376456022262573242e-01
-2.743463963270187378e-02
1.016953811049461365e-01
3.726671636104583740e-02
name:SeRim_3
-1.211176663637161255e-01
8.280851691961288452e-02
6.752552837133407593e-02
-1.032170206308364868e-01
-1.080981343984603882e-01
-5.507554486393928528e-02
-9.588631987571716309e-02
-6.302105635404586792e-02
1.346725225448608398e-01
-8.831721544265747070e-02
2.670128345489501953e-01
-4.231697320938110352e-02
-2.092002034187316895e-01
-5.176950991153717041e-02
-7.912868261337280273e-02
2.426137179136276245e-01
-2.018415629863739014e-01
-1.432163566350936890e-01
-6.951647251844406128e-02
-1.698414981365203857e-02
7.613786309957504272e-02
3.547809273004531860e-02
9.117042273283004761e-02
5.116097629070281982e-02
-1.617649346590042114e-01
-3.324367702007293701e-01
-3.574539721012115479e-02
-6.361050158739089966e-02
-1.023451387882232666e-01
-6.024922803044319153e-02
-6.379503756761550903e-04
2.240052819252014160e-02
-2.078190445899963379e-01
-8.209552615880966187e-04
7.114537805318832397e-02
9.460385143756866455e-02
-1.574601046741008759e-02
-1.091050431132316589e-01
2.186183333396911621e-01
-1.215887628495693207e-02
-3.181853294372558594e-01
3.773220628499984741e-02
8.093398064374923706e-02
2.523125410079956055e-01
1.841875612735748291e-01
-5.236614122986793518e-02
5.013275146484375000e-02
-1.875182241201400757e-01
1.769863218069076538e-01
-1.634355485439300537e-01
4.866125434637069702e-02
1.560312956571578979e-01
5.609371140599250793e-02
1.895457506179809570e-02
-5.096955224871635437e-03
-6.460449099540710449e-02
8.350070565938949585e-03
1.910900473594665527e-01
-8.258270472288131714e-02
-7.977315038442611694e-02
1.111089289188385010e-01
-2.233629859983921051e-02
-3.139596432447433472e-02
-1.758802980184555054e-01
2.310168445110321045e-01
9.323568642139434814e-02
-1.757942438125610352e-01
-2.474994510412216187e-01
1.038819104433059692e-01
-8.180490881204605103e-02
-1.060661077499389648e-01
1.086318939924240112e-01
-1.993648409843444824e-01
-1.882793158292770386e-01
-3.142762482166290283e-01
6.584738381206989288e-03
3.227325081825256348e-01
2.820505201816558838e-02
-1.842755526304244995e-01
6.481535732746124268e-02
-6.731695681810379028e-02
4.165169224143028259e-02
2.780432067811489105e-02
2.395340353250503540e-01
1.202949136495590210e-02
1.231254041194915771e-01
-5.842711031436920166e-02
2.579779550433158875e-02
2.591302990913391113e-01
-1.197956949472427368e-01
-3.473885357379913330e-02
2.334993034601211548e-01
2.433603443205356598e-02
3.772868961095809937e-02
1.741542294621467590e-02
3.173561021685600281e-02
-9.316373616456985474e-02
5.824965983629226685e-02
-1.602690219879150391e-01
2.276080474257469177e-02
5.171653814613819122e-03
4.396352916955947876e-02
-4.446562379598617554e-03
1.088469251990318298e-01
-1.362056136131286621e-01
9.252021461725234985e-02
-3.547908365726470947e-02
4.363667219877243042e-02
2.491731382906436920e-02
1.462154649198055267e-02
-3.480131924152374268e-02
-1.627675443887710571e-01
6.112153083086013794e-02
-2.101483196020126343e-01
1.598475426435470581e-01
1.328498274087905884e-01
1.044288054108619690e-01
9.391171485185623169e-02
1.438088119029998779e-01
1.060048192739486694e-01
-1.531972549855709076e-03
6.159773468971252441e-02
-1.968018263578414917e-01
3.285409882664680481e-02
1.203906685113906860e-01
1.548958662897348404e-02
8.376796543598175049e-02
-9.631427004933357239e-03
name:SeRim_6
-1.077275499701499939e-01
3.677808493375778198e-02
9.450356662273406982e-02
-9.507527202367782593e-02
-1.296253502368927002e-01
-4.887243732810020447e-02
-7.434965670108795166e-02
-7.313390821218490601e-02
1.035474538803100586e-01
-1.326908916234970093e-01
2.365769445896148682e-01
-6.974238157272338867e-02
-2.217455655336380005e-01
-3.364706039428710938e-02
-7.834117859601974487e-02
2.317857742309570312e-01
-1.096859648823738098e-01
-1.461833119392395020e-01
-8.720728754997253418e-02
-7.690707221627235413e-03
4.400106519460678101e-02
3.867093473672866821e-02
5.700328573584556580e-02
2.265447936952114105e-02
-1.075937598943710327e-01
-2.898263335227966309e-01
-9.154430031776428223e-02
-1.828373409807682037e-03
-4.743926972150802612e-02
-1.496772840619087219e-02
-1.039510890841484070e-01
3.214205428957939148e-02
-1.732098311185836792e-01
-1.541107520461082458e-02
5.688458308577537537e-02
1.282214969396591187e-01
-6.928453594446182251e-02
-1.199536174535751343e-01
1.663742065429687500e-01
-8.286029100418090820e-03
-2.661509811878204346e-01
3.984132036566734314e-02
9.265663474798202515e-02
2.243511676788330078e-01
2.171126306056976318e-01
2.380629815161228180e-02
2.494378574192523956e-02
-1.432558745145797729e-01
1.168147549033164978e-01
-2.057247608900070190e-01
4.992508888244628906e-02
1.324593126773834229e-01
1.038692295551300049e-01
1.952947676181793213e-02
1.933853700757026672e-02
-9.317597746849060059e-02
9.955592453479766846e-03
2.112579941749572754e-01
-7.509707659482955933e-02
-5.646405741572380066e-02
7.104688137769699097e-02
-3.745070844888687134e-02
-4.590181633830070496e-02
-1.885022819042205811e-01
2.485807538032531738e-01
1.087313294410705566e-01
-1.965441256761550903e-01
-1.684113442897796631e-01
1.131921187043190002e-01
-1.248771175742149353e-01
-1.078519448637962341e-01
3.544407337903976440e-02
-1.763125061988830566e-01
-1.585722416639328003e-01
-3.111338019371032715e-01
1.498460769653320312e-03
3.278132975101470947e-01
4.439581558108329773e-02
-1.695704609155654907e-01
7.880131155252456665e-02
-9.002980077639222145e-04
4.390292987227439880e-02
3.913746029138565063e-02
1.834712773561477661e-01
-4.754000902175903320e-02
4.438479617238044739e-02
-7.790501415729522705e-02
-4.821612313389778137e-02
2.506376206874847412e-01
-1.228268295526504517e-01
7.005276158452033997e-03
1.875997483730316162e-01
8.908325806260108948e-03
5.080368742346763611e-02
9.842227213084697723e-03
2.432371303439140320e-02
-5.592225864529609680e-02
2.101600542664527893e-02
-1.317452490329742432e-01
4.536043852567672729e-02
-1.122324168682098389e-02
-6.282662600278854370e-02
-4.561395943164825439e-02
9.027499705553054810e-02
-1.550376713275909424e-01
9.732753783464431763e-02
-3.002624213695526123e-02
4.266030341386795044e-02
3.818102553486824036e-02
-3.652341291308403015e-02
-7.835429906845092773e-02
-1.015954464673995972e-01
8.427718281745910645e-02
-2.282622009515762329e-01
1.311537921428680420e-01
1.732115596532821655e-01
6.336586922407150269e-02
1.024360358715057373e-01
1.812457442283630371e-01
1.136293485760688782e-01
1.132764108479022980e-02
7.241780310869216919e-02
-2.086390405893325806e-01
-3.084789589047431946e-02
1.250807046890258789e-01
-5.140708759427070618e-02
7.487499713897705078e-02
4.586986079812049866e-02
name:SeRim_2
-9.242320060729980469e-02
1.045063734054565430e-01
1.757155172526836395e-02
-9.763074666261672974e-02
-1.179430931806564331e-01
-8.589247614145278931e-02
-9.792901575565338135e-02
-1.133719086647033691e-01
8.639597147703170776e-02
-5.576190352439880371e-02
2.679111361503601074e-01
-3.657578676939010620e-02
-1.900041103363037109e-01
-1.295691430568695068e-01
-1.008952409029006958e-01
2.450652122497558594e-01
-2.120160758495330811e-01
-1.480277776718139648e-01
-8.741830289363861084e-02
-1.815067976713180542e-02
6.174375489354133606e-02
2.171975374221801758e-02
7.991079986095428467e-02
6.296773254871368408e-02
-1.225425004959106445e-01
-3.080826699733734131e-01
-4.422302171587944031e-02
-6.224656105041503906e-02
-1.161811780184507370e-02
-6.889212876558303833e-02
-2.662461809813976288e-02
4.712807387113571167e-02
-1.870259344577789307e-01
5.278289318084716797e-04
8.677253872156143188e-02
1.051602661609649658e-01
-1.915499009191989899e-02
-1.039651930332183838e-01
2.112322747707366943e-01
-2.537850663065910339e-02
-2.765305340290069580e-01
5.778542906045913696e-02
9.875053912401199341e-02
2.547601163387298584e-01
2.359886765480041504e-01
-9.190227836370468140e-02
6.741134822368621826e-02
-1.930853277444839478e-01
1.700512170791625977e-01
-1.389173567295074463e-01
1.309147570282220840e-02
1.566641181707382202e-01
6.488693505525588989e-02
2.342433482408523560e-02
9.297332726418972015e-03
-9.931472688913345337e-02
-7.627087645232677460e-03
2.084387987852096558e-01
-9.075822681188583374e-02
-6.669621914625167847e-02
7.651361823081970215e-02
-4.096028208732604980e-02
-7.064801454544067383e-02
-1.893227100372314453e-01
2.052461802959442139e-01
6.816228479146957397e-02
-1.826855838298797607e-01
-2.291719913482666016e-01
1.376678049564361572e-01
-9.491687268018722534e-02
-6.937721371650695801e-02
1.034222990274429321e-01
-1.914601773023605347e-01
-1.620752364397048950e-01
-2.977309525012969971e-01
-1.303895004093647003e-02
3.701006174087524414e-01
3.938077017664909363e-02
-1.893028467893600464e-01
8.356098085641860962e-02
-5.762018635869026184e-02
1.102312933653593063e-02
4.655018448829650879e-02
1.868282556533813477e-01
3.510527312755584717e-04
6.380379199981689453e-02
-7.819338142871856689e-02
3.675441443920135498e-02
2.383381277322769165e-01
-1.104986593127250671e-01
-1.205838285386562347e-03
1.828347444534301758e-01
1.261817291378974915e-02
6.787583231925964355e-02
1.460273005068302155e-02
1.270467508584260941e-02
-7.724120467901229858e-02
6.106453761458396912e-02
-1.420227438211441040e-01
4.262572526931762695e-02
-4.816566035151481628e-02
-4.930742830038070679e-02
-6.010927259922027588e-03
7.031417638063430786e-02
-8.400107920169830322e-02
7.815268635749816895e-02
3.833537548780441284e-02
6.446386873722076416e-02
4.276930354535579681e-03
1.047873985953629017e-03
-4.169843345880508423e-02
-1.139992922544479370e-01
8.823716640472412109e-02
-2.281642854213714600e-01
2.325703054666519165e-01
1.445035189390182495e-01
1.125170961022377014e-01
8.923894912004470825e-02
1.368267387151718140e-01
1.088439077138900757e-01
-1.617369428277015686e-02
1.068231649696826935e-02
-1.650774627923965454e-01
3.638833016157150269e-02
8.773068338632583618e-02
-4.095330834388732910e-02
7.999625802040100098e-02
-1.860806718468666077e-02
