HyeonJu
-3.036987222731113434e-02
3.006911836564540863e-02
3.574141114950180054e-02
-9.315226972103118896e-02
-1.228187531232833862e-01
-1.397675555199384689e-02
-6.185340508818626404e-02
-4.083012416958808899e-02
1.635962128639221191e-01
-1.455978751182556152e-01
1.787627339363098145e-01
-5.875535309314727783e-02
-1.938509196043014526e-01
-6.419298704713582993e-03
-8.806701004505157471e-02
2.225916683673858643e-01
-2.034303098917007446e-01
-1.527971923351287842e-01
-8.707720041275024414e-02
6.669164448976516724e-02
6.579539924860000610e-02
4.715487360954284668e-02
-8.052878081798553467e-03
1.595916226506233215e-02
-9.465934336185455322e-02
-3.645155727863311768e-01
-9.208598732948303223e-02
-3.669968992471694946e-02
-6.207032501697540283e-02
-6.646015495061874390e-02
-2.351323887705802917e-02
3.244926780462265015e-02
-1.831072419881820679e-01
8.717761375010013580e-03
3.078733012080192566e-02
7.015381753444671631e-02
-2.751483954489231110e-02
-1.265973299741744995e-01
1.671499609947204590e-01
5.304057523608207703e-02
-3.063143789768218994e-01
8.355848491191864014e-02
1.923352666199207306e-02
2.482187151908874512e-01
1.441884040832519531e-01
-1.928097382187843323e-02
2.763010561466217041e-03
-1.360917985439300537e-01
1.510339230298995972e-01
-1.974906474351882935e-01
1.436992641538381577e-02
1.229662969708442688e-01
4.937574639916419983e-02
5.501785129308700562e-02
1.401581708341836929e-02
-9.832152724266052246e-02
3.136544302105903625e-02
1.419689953327178955e-01
-1.124996319413185120e-01
-1.645064912736415863e-02
7.171594351530075073e-02
-3.572097420692443848e-02
4.074798896908760071e-03
-1.513486355543136597e-01
1.707874387502670288e-01
6.170929223299026489e-02
-1.221446543931961060e-01
-2.216223627328872681e-01
8.486973494291305542e-02
-1.262692958116531372e-01
-7.528585940599441528e-02
3.901484236121177673e-02
-1.536201536655426025e-01
-2.015888243913650513e-01
-2.679640352725982666e-01
7.919985800981521606e-04
3.277851343154907227e-01
1.079982742667198181e-01
-1.988556981086730957e-01
4.476119950413703918e-02
-1.786546595394611359e-02
1.004495751112699509e-02
9.847047179937362671e-02
1.804385781288146973e-01
3.164996951818466187e-02
1.110388785600662231e-01
-9.025905281305313110e-02
2.773270010948181152e-02
2.594275772571563721e-01
-1.153588891029357910e-01
-2.346848510205745697e-02
2.453034371137619019e-01
-1.505864784121513367e-02
6.379050761461257935e-02
-2.444338053464889526e-03
-2.742225676774978638e-02
-5.662178993225097656e-02
7.593689113855361938e-02
-1.583566516637802124e-01
3.526508063077926636e-02
4.251610487699508667e-02
6.646645255386829376e-03
-3.937218338251113892e-02
9.009167551994323730e-02
-9.395311772823333740e-02
1.198402047157287598e-01
-9.693975560367107391e-03
3.123828396201133728e-02
1.101906783878803253e-02
1.318713184446096420e-02
-1.266950070858001709e-01
-8.532528579235076904e-02
1.305776834487915039e-01
-1.810365617275238037e-01
1.883154362440109253e-01
1.600364893674850464e-01
9.597104042768478394e-02
8.477884531021118164e-02
1.416288316249847412e-01
6.004721671342849731e-02
-1.897731795907020569e-02
9.576435200870037079e-03
-2.401768416166305542e-01
1.784995663911104202e-03
1.171327754855155945e-01
2.120526134967803955e-02
6.446428596973419189e-02
-6.074028089642524719e-03
JaeHyeok
-6.800594925880432129e-02
6.033698096871376038e-02
-2.984739467501640320e-02
-1.641562022268772125e-02
-1.023555099964141846e-01
-4.152641445398330688e-02
-5.360769480466842651e-02
-1.019328534603118896e-01
7.454892992973327637e-02
-2.776178345084190369e-02
2.096017748117446899e-01
-9.673570841550827026e-02
-2.694669663906097412e-01
-8.396848291158676147e-02
-6.626895070075988770e-02
1.912803202867507935e-01
-1.250072270631790161e-01
-1.132704541087150574e-01
-3.961850702762603760e-02
5.726857483386993408e-02
1.387923359870910645e-01
-2.690323628485202789e-02
3.168209269642829895e-02
9.443368017673492432e-02
-7.209797203540802002e-02
-2.839961647987365723e-01
-9.170136600732803345e-02
-7.486450672149658203e-02
-3.075901418924331665e-03
-8.077494055032730103e-02
-5.955997109413146973e-02
9.639466181397438049e-03
-1.550656855106353760e-01
-5.412132292985916138e-02
5.655001103878021240e-02
7.000870257616043091e-02
-1.945209689438343048e-02
-1.153625994920730591e-01
1.825870275497436523e-01
-1.148976385593414307e-02
-2.669980525970458984e-01
3.156001493334770203e-02
8.472239226102828979e-02
2.255279421806335449e-01
1.558385044336318970e-01
6.144982203841209412e-02
1.062832027673721313e-02
-1.391869336366653442e-01
1.063363030552864075e-01
-1.627846211194992065e-01
3.829229995608329773e-02
1.327816396951675415e-01
1.157479360699653625e-01
3.582619130611419678e-02
2.635146491229534149e-03
-1.558404713869094849e-01
5.249879509210586548e-02
1.372111737728118896e-01
-1.639670431613922119e-01
1.408745534718036652e-02
6.693266332149505615e-02
-9.550690650939941406e-03
1.172071788460016251e-02
-1.290969252586364746e-01
2.324888408184051514e-01
6.240312382578849792e-02
-1.487966477870941162e-01
-1.531888544559478760e-01
1.074731424450874329e-01
-1.521074324846267700e-01
-8.580690622329711914e-02
9.639208763837814331e-02
-1.786439269781112671e-01
-2.049219012260437012e-01
-3.076236248016357422e-01
-4.612699151039123535e-03
3.846067488193511963e-01
1.043902933597564697e-01
-1.988082826137542725e-01
2.332077175378799438e-02
-1.328321546316146851e-02
2.306120842695236206e-02
1.159562766551971436e-01
1.429333239793777466e-01
-4.198683425784111023e-03
1.298884674906730652e-02
-1.062059104442596436e-01
-5.817944929003715515e-02
2.432380914688110352e-01
-8.607243746519088745e-02
-4.861429706215858459e-02
1.983002126216888428e-01
6.564041599631309509e-03
5.913453921675682068e-02
2.297633513808250427e-02
1.980882510542869568e-02
-3.284344077110290527e-02
1.542268134653568268e-02
-1.192471832036972046e-01
-7.319631054997444153e-03
-5.781778134405612946e-03
-8.215720951557159424e-02
-1.234658993780612946e-02
9.846639633178710938e-02
-1.328942328691482544e-01
4.007096588611602783e-02
2.543999627232551575e-02
3.152438253164291382e-02
4.249834455549716949e-03
3.125946223735809326e-02
-1.590365022420883179e-01
-6.756293028593063354e-02
1.192931160330772400e-01
-2.418054640293121338e-01
2.328093647956848145e-01
1.686997264623641968e-01
1.178617179393768311e-01
3.325505927205085754e-02
1.223099157214164734e-01
1.035293340682983398e-01
-2.772272564470767975e-03
-1.044086087495088577e-02
-1.780451983213424683e-01
-3.025211021304130554e-02
1.320560723543167114e-01
-4.315740242600440979e-02
1.021026819944381714e-01
-1.576717197895050049e-02
JeongHun
-1.038807108998298645e-01
1.343647986650466919e-01
6.472676992416381836e-02
-2.297332510352134705e-02
-1.355963498353958130e-01
-2.487767487764358521e-03
-5.329916626214981079e-02
-8.853399008512496948e-02
9.164213389158248901e-02
-7.594013214111328125e-02
2.351583987474441528e-01
-5.498329177498817444e-02
-2.671584784984588623e-01
-2.458311617374420166e-02
-5.561460927128791809e-02
1.870383769273757935e-01
-1.065606400370597839e-01
-1.328838467597961426e-01
-6.182327121496200562e-02
-2.940626256167888641e-02
1.388240903615951538e-01
5.442848801612854004e-02
4.458750039339065552e-02
1.227370556443929672e-02
-1.409934014081954956e-01
-2.909272015094757080e-01
-7.993982732295989990e-02
-1.723949611186981201e-02
3.329443931579589844e-02
-6.027800217270851135e-02
-6.385741382837295532e-02
4.474456235766410828e-02
-2.091042846441268921e-01
-3.380768001079559326e-02
3.711717575788497925e-02
4.035027697682380676e-02
-2.375391870737075806e-02
-6.154582276940345764e-02
1.563835293054580688e-01
1.549038197845220566e-02
-2.726924121379852295e-01
3.698547556996345520e-02
7.442881911993026733e-02
2.483860552310943604e-01
1.547111719846725464e-01
4.894115403294563293e-02
-3.549344837665557861e-04
-1.769258528947830200e-01
6.561896204948425293e-02
-1.677760779857635498e-01
7.260271906852722168e-02
1.706366986036300659e-01
6.298402696847915649e-02
4.199008643627166748e-02
1.100083254277706146e-02
-7.565238326787948608e-02
3.928545117378234863e-02
1.387912631034851074e-01
-1.270258426666259766e-01
3.981686383485794067e-02
1.237291246652603149e-01
-6.707521528005599976e-02
-1.873520947992801666e-02
-1.367115974426269531e-01
2.030872702598571777e-01
2.852791920304298401e-02
-1.185365244746208191e-01
-1.616339534521102905e-01
9.960512071847915649e-02
-1.143515557050704956e-01
-1.163051277399063110e-01
1.177251040935516357e-01
-1.386379152536392212e-01
-1.790017038583755493e-01
-3.302705883979797363e-01
3.628027811646461487e-02
3.817020654678344727e-01
8.676758408546447754e-02
-2.053110599517822266e-01
4.454443976283073425e-02
3.210722468793392181e-03
3.453863784670829773e-03
1.514098793268203735e-01
1.633386611938476562e-01
-5.003366246819496155e-02
2.518370747566223145e-04
-1.051091849803924561e-01
1.173208188265562057e-02
2.792888879776000977e-01
-9.162371605634689331e-02
-3.554747998714447021e-02
2.749857306480407715e-01
3.898378461599349976e-02
3.855947032570838928e-02
3.427629172801971436e-02
1.023012474179267883e-01
-7.508260756731033325e-02
-2.628821879625320435e-02
-1.425411105155944824e-01
-4.418732598423957825e-02
5.733450502157211304e-02
-6.316570937633514404e-02
-6.418952345848083496e-02
1.419418156147003174e-01
-1.423377245664596558e-01
7.611434906721115112e-02
-9.227926842868328094e-03
2.327834442257881165e-02
2.936204336583614349e-02
-3.169249743223190308e-02
-1.076486855745315552e-01
-1.091486141085624695e-01
8.980581164360046387e-02
-1.996310651302337646e-01
1.632028967142105103e-01
1.698494255542755127e-01
6.211616843938827515e-02
4.141920804977416992e-02
1.601774245500564575e-01
9.236622601747512817e-02
4.306588321924209595e-03
-2.023046463727951050e-02
-1.731081455945968628e-01
-4.672260954976081848e-02
1.774923801422119141e-01
-6.191887706518173218e-02
6.590436398983001709e-02
-8.162331767380237579e-03
JeongHyeon
-7.684808224439620972e-02
6.861460953950881958e-02
4.818369448184967041e-02
-1.277846246957778931e-01
-1.738980114459991455e-01
-1.520606502890586853e-02
-5.764318257570266724e-02
-1.880004815757274628e-02
1.406194716691970825e-01
-1.571062207221984863e-01
2.526151239871978760e-01
-7.287236303091049194e-02
-2.113168388605117798e-01
9.636745788156986237e-03
-5.798878893256187439e-02
1.842672824859619141e-01
-1.620497405529022217e-01
-1.452078223228454590e-01
-3.605533391237258911e-02
2.867399156093597412e-02
9.211404621601104736e-02
2.511159889400005341e-02
-5.689434707164764404e-02
2.101190574467182159e-02
-9.568609297275543213e-02
-3.689826428890228271e-01
-1.166426986455917358e-01
1.786141283810138702e-02
-4.360155016183853149e-02
-9.601591527462005615e-02
7.618049159646034241e-03
-2.237128326669335365e-03
-2.061368077993392944e-01
1.553620956838130951e-02
2.873472496867179871e-02
9.776218235492706299e-02
-2.737025544047355652e-02
-1.087258830666542053e-01
1.063863784074783325e-01
-3.735971637070178986e-03
-3.205383121967315674e-01
9.844759851694107056e-02
1.160547286272048950e-01
2.331262826919555664e-01
1.352687925100326538e-01
4.000451788306236267e-02
-3.588574007153511047e-02
-1.343460977077484131e-01
9.563502669334411621e-02
-1.959321945905685425e-01
-1.312311924993991852e-02
1.474025100469589233e-01
9.531082585453987122e-03
4.492789879441261292e-02
6.855504587292671204e-03
-7.920348644256591797e-02
5.316177755594253540e-02
1.014606803655624390e-01
-1.368107497692108154e-01
-2.082098275423049927e-02
1.027818545699119568e-01
-7.100309431552886963e-02
1.664122939109802246e-02
-1.459665447473526001e-01
2.190052568912506104e-01
7.400935888290405273e-02
-1.280644685029983521e-01
-2.472457438707351685e-01
8.684827387332916260e-02
-2.178581506013870239e-01
-1.142599359154701233e-01
8.802840858697891235e-02
-1.117228344082832336e-01
-1.907980144023895264e-01
-2.918974459171295166e-01
1.117188110947608948e-02
3.260927200317382812e-01
1.382254064083099365e-01
-1.470608711242675781e-01
9.753301739692687988e-02
-2.602212503552436829e-02
2.159828320145606995e-02
1.112325862050056458e-01
1.629386097192764282e-01
3.647857904434204102e-02
8.260514587163925171e-02
-1.336026638746261597e-01
1.020960882306098938e-02
3.335228562355041504e-01
-9.037404507398605347e-02
8.314134553074836731e-03
2.617830038070678711e-01
8.052553050220012665e-03
7.692627608776092529e-02
1.422023214399814606e-02
2.302366495132446289e-02
-8.011504262685775757e-02
2.641575178131461143e-03
-1.607406139373779297e-01
1.838212087750434875e-02
-1.558220945298671722e-03
-4.353879392147064209e-02
-6.280338764190673828e-02
1.152804568409919739e-01
-1.642393320798873901e-01
1.199762225151062012e-01
-2.337978594005107880e-02
6.422660313546657562e-03
-2.220801636576652527e-02
3.839464858174324036e-02
-8.189783245325088501e-02
-7.737708836793899536e-02
1.000260561704635620e-01
-2.430675476789474487e-01
2.212671637535095215e-01
1.807633638381958008e-01
1.212165728211402893e-01
7.998503744602203369e-02
1.764757931232452393e-01
4.551858454942703247e-02
-1.950043439865112305e-02
-5.090951919555664062e-02
-1.900359839200973511e-01
-4.271977767348289490e-02
2.841986529529094696e-02
-5.294620990753173828e-02
8.901193737983703613e-02
-1.635163556784391403e-03
JeongHyeon_2
-4.315875843167304993e-02
1.438524574041366577e-01
2.989424578845500946e-02
-5.487990006804466248e-02
-1.780008971691131592e-01
2.085392363369464874e-03
-8.993159234523773193e-02
-4.649436473846435547e-02
1.647678315639495850e-01
-9.601326286792755127e-02
2.298541069030761719e-01
-6.623692810535430908e-02
-2.067604362964630127e-01
-9.197203442454338074e-03
-1.045477762818336487e-01
2.284837961196899414e-01
-2.273954600095748901e-01
-1.886527538299560547e-01
2.571117319166660309e-02
3.536925092339515686e-02
9.589827060699462891e-02
3.900641947984695435e-02
-1.109535712748765945e-02
4.944051429629325867e-02
-1.330817341804504395e-01
-3.805482387542724609e-01
-9.407711029052734375e-02
-8.390223234891891479e-02
-2.604322507977485657e-02
-9.264549612998962402e-02
-2.001875638961791992e-02
6.575835496187210083e-02
-1.574019640684127808e-01
-2.936795353889465332e-04
4.545632749795913696e-02
4.808326065540313721e-02
-2.476921491324901581e-02
-9.926234930753707886e-02
1.871208101511001587e-01
1.818623207509517670e-02
-3.113757073879241943e-01
8.576723188161849976e-02
7.882882654666900635e-02
2.602687478065490723e-01
1.261143535375595093e-01
4.341400787234306335e-02
3.095188178122043610e-02
-1.519104689359664917e-01
1.064226254820823669e-01
-1.451942026615142822e-01
2.779726125299930573e-02
1.856711953878402710e-01
6.821706146001815796e-02
4.628186300396919250e-02
-1.140423491597175598e-02
-1.011859700083732605e-01
2.424223348498344421e-02
7.885527610778808594e-02
-1.068110987544059753e-01
-2.550688758492469788e-02
1.289204508066177368e-01
-3.711596876382827759e-02
3.081488609313964844e-02
-1.438353359699249268e-01
2.289624363183975220e-01
4.456907883286476135e-02
-9.225095063447952271e-02
-1.855735629796981812e-01
1.363699287176132202e-01
-1.448411047458648682e-01
-1.596242487430572510e-01
7.189199328422546387e-02
-1.433676779270172119e-01
-1.705318987369537354e-01
-2.797783315181732178e-01
-1.887105405330657959e-02
3.744147717952728271e-01
1.109975129365921021e-01
-1.382438242435455322e-01
9.133020043373107910e-02
-3.847697749733924866e-03
1.253429241478443146e-02
7.593722641468048096e-02
1.893620640039443970e-01
-3.204685077071189880e-02
5.378370732069015503e-02
-9.579299390316009521e-02
1.243278477340936661e-02
2.955068647861480713e-01
-7.631168514490127563e-02
-1.942598633468151093e-02
2.131630927324295044e-01
9.221099317073822021e-03
1.132916733622550964e-01
2.584295347332954407e-02
1.200791448354721069e-03
-2.975632436573505402e-02
5.230610817670822144e-02
-1.087073162198066711e-01
3.316074237227439880e-02
-1.383787021040916443e-04
-1.293721329420804977e-02
-5.897020548582077026e-02
1.301463097333908081e-01
-1.490128636360168457e-01
8.099371194839477539e-02
-1.194180268794298172e-02
3.685253113508224487e-02
-7.493410725146532059e-03
9.227304905652999878e-02
-9.226066619157791138e-02
-7.718351483345031738e-02
1.319050937891006470e-01
-2.221397310495376587e-01
2.054059654474258423e-01
1.466581374406814575e-01
7.954712957143783569e-02
7.172182202339172363e-02
1.557149887084960938e-01
8.125456422567367554e-02
-3.784945234656333923e-02
-8.132228255271911621e-02
-2.588712573051452637e-01
-4.192958399653434753e-02
1.244393438100814819e-01
-5.596508085727691650e-02
8.467493951320648193e-02
2.135230414569377899e-02
JeongHyeon_3
-2.450541779398918152e-02
1.255373358726501465e-01
1.744054816663265228e-02
-4.717074334621429443e-02
-1.715175062417984009e-01
-2.041730284690856934e-02
-9.292829036712646484e-02
-2.609741874039173126e-02
1.739074885845184326e-01
-9.816022962331771851e-02
2.029143869876861572e-01
-8.075770735740661621e-02
-2.016579210758209229e-01
-1.108320429921150208e-02
-1.050035953521728516e-01
2.426870614290237427e-01
-2.196187674999237061e-01
-1.736089289188385010e-01
1.007517706602811813e-02
4.643095284700393677e-02
9.819012135267257690e-02
6.208552792668342590e-02
-1.125287264585494995e-03
5.833192542195320129e-02
-1.277456730604171753e-01
-3.933953046798706055e-01
-8.794026821851730347e-02
-8.636897802352905273e-02
-5.271013826131820679e-02
-8.677622675895690918e-02
-4.894480481743812561e-02
7.157137989997863770e-02
-1.492325812578201294e-01
-1.299072057008743286e-02
6.472847610712051392e-02
6.185444444417953491e-02
-2.393039688467979431e-02
-1.011181026697158813e-01
1.753953844308853149e-01
1.810607686638832092e-02
-3.333300650119781494e-01
8.602392673492431641e-02
9.747862815856933594e-02
2.674655914306640625e-01
1.584923267364501953e-01
5.039639770984649658e-02
2.473620511591434479e-02
-1.437200009822845459e-01
1.106568798422813416e-01
-1.544792056083679199e-01
1.434755884110927582e-02
1.711000204086303711e-01
5.161676555871963501e-02
5.210289731621742249e-02
7.353769149631261826e-03
-9.431046992540359497e-02
2.808498218655586243e-02
8.605074137449264526e-02
-1.107919886708259583e-01
-3.715292736887931824e-02
1.246737241744995117e-01
-6.327891349792480469e-02
3.534939885139465332e-02
-1.393558979034423828e-01
2.464922070503234863e-01
2.971384301781654358e-02
-1.096012666821479797e-01
-1.919401288032531738e-01
1.088376343250274658e-01
-1.818573474884033203e-01
-1.523851752281188965e-01
7.877407222986221313e-02
-1.285887062549591064e-01
-1.705332547426223755e-01
-3.033924400806427002e-01
-4.033707454800605774e-02
3.578577339649200439e-01
1.172438040375709534e-01
-1.442767381668090820e-01
1.094725206494331360e-01
-3.577660303562879562e-03
1.936990208923816681e-02
9.021451324224472046e-02
2.128755748271942139e-01
6.353463977575302124e-03
6.824517995119094849e-02
-1.150559112429618835e-01
-1.113340724259614944e-02
2.972880899906158447e-01
-9.135370701551437378e-02
-1.066757924854755402e-02
2.180483043193817139e-01
-3.237719647586345673e-03
9.373856335878372192e-02
1.878018304705619812e-02
1.432155631482601166e-02
-5.723626911640167236e-02
4.383851587772369385e-02
-9.718378633260726929e-02
2.737852558493614197e-02
1.358510833233594894e-02
-1.523408014327287674e-02
-6.276001781225204468e-02
1.194366812705993652e-01
-1.566596925258636475e-01
8.025665581226348877e-02
-3.575162589550018311e-02
4.406458511948585510e-02
1.500213518738746643e-03
6.636204570531845093e-02
-7.768606394529342651e-02
-7.628124207258224487e-02
1.240884214639663696e-01
-2.383639067411422729e-01
1.958447396755218506e-01
1.371326744556427002e-01
6.205210089683532715e-02
8.732261508703231812e-02
1.347500979900360107e-01
8.930955827236175537e-02
-5.550884827971458435e-02
-7.619732618331909180e-02
-2.574168741703033447e-01
-5.092659220099449158e-02
1.073789000511169434e-01
-3.989541903138160706e-02
1.042155623435974121e-01
1.680929586291313171e-02
JeongHyeon_4
-8.256101049482822418e-03
1.137785539031028748e-01
5.825256556272506714e-02
-5.678516253829002380e-02
-1.649193614721298218e-01
1.666083000600337982e-02
-8.168035745620727539e-02
-1.498370897024869919e-03
1.888415217399597168e-01
-1.251121610403060913e-01
2.277654111385345459e-01
-8.326113969087600708e-02
-1.867593675851821899e-01
4.070432856678962708e-02
-8.691626042127609253e-02
2.456858158111572266e-01
-2.184731215238571167e-01
-1.653544008731842041e-01
-8.672148920595645905e-03
-9.324626997113227844e-03
6.535383313894271851e-02
9.415858983993530273e-02
-2.619671262800693512e-02
6.248921900987625122e-02
-2.088596671819686890e-01
-3.888761401176452637e-01
-8.416081964969635010e-02
-1.057981401681900024e-01
-7.052030414342880249e-02
-7.830084860324859619e-02
-4.483376815915107727e-02
8.906766027212142944e-02
-1.064570695161819458e-01
5.264470726251602173e-02
9.019480645656585693e-02
8.084887266159057617e-02
-3.544604778289794922e-02
-1.179956644773483276e-01
2.161586880683898926e-01
6.222885474562644958e-02
-2.810015976428985596e-01
5.763037130236625671e-02
1.158874407410621643e-01
2.793165445327758789e-01
1.565813720226287842e-01
3.159238398075103760e-02
5.364867299795150757e-02
-1.194151639938354492e-01
1.549865901470184326e-01
-1.832076013088226318e-01
-4.248682409524917603e-03
2.022522091865539551e-01
4.987076669931411743e-02
9.673262387514114380e-02
3.986394777894020081e-02
-7.006295025348663330e-02
3.352999687194824219e-02
1.119402870535850525e-01
-1.050962954759597778e-01
-1.785779558122158051e-02
1.061966046690940857e-01
-1.006261482834815979e-01
4.319977760314941406e-02
-1.298821270465850830e-01
2.682860493659973145e-01
3.554480522871017456e-02
-1.249669641256332397e-01
-1.424174606800079346e-01
1.246528625488281250e-01
-1.681271344423294067e-01
-1.835941076278686523e-01
3.319123387336730957e-02
-1.593424230813980103e-01
-1.666015833616256714e-01
-3.185411095619201660e-01
-3.462323546409606934e-02
3.690476119518280029e-01
1.430746465921401978e-01
-1.386054754257202148e-01
1.174983233213424683e-01
3.012194763869047165e-03
1.315674185752868652e-02
8.376250416040420532e-02
2.267084270715713501e-01
-1.115635968744754791e-02
3.170287236571311951e-02
-8.981668949127197266e-02
1.868936792016029358e-02
3.332605361938476562e-01
-9.642431139945983887e-02
2.696702815592288971e-02
2.027033716440200806e-01
-1.316530816256999969e-02
8.945100009441375732e-02
-6.087833084166049957e-03
-9.392229840159416199e-03
-8.899550139904022217e-02
7.078719325363636017e-03
-6.183349713683128357e-02
4.434734210371971130e-02
-2.275040373206138611e-02
-2.563539892435073853e-03
-3.821620717644691467e-02
1.207280829548835754e-01
-2.069356143474578857e-01
9.161689877510070801e-02
-4.612341523170471191e-02
-1.179219596087932587e-02
-1.387893687933683395e-02
7.855046540498733521e-02
-7.591484487056732178e-02
-6.608429551124572754e-02
1.383294910192489624e-01
-2.423143982887268066e-01
1.567919105291366577e-01
1.426978409290313721e-01
3.725869953632354736e-02
1.136011481285095215e-01
1.221332177519798279e-01
9.718899428844451904e-02
-7.009867578744888306e-02
-5.539201572537422180e-02
-2.313496172428131104e-01
-6.823524087667465210e-02
7.800827175378799438e-02
-1.488551497459411621e-02
7.811787724494934082e-02
1.089024823158979416e-02
JeongHyeon_5
-3.073585219681262970e-02
1.230130419135093689e-01
2.409742400050163269e-02
-1.837601885199546814e-02
-1.603431403636932373e-01
-1.435427274554967880e-02
-5.734607949852943420e-02
-3.863237798213958740e-02
1.591424793004989624e-01
-1.022086143493652344e-01
2.107997238636016846e-01
-8.313465118408203125e-02
-1.917167901992797852e-01
8.965199813246726990e-03
-9.222208708524703979e-02
2.350667268037796021e-01
-2.115829735994338989e-01
-1.709837019443511963e-01
-2.553460747003555298e-02
-6.842918694019317627e-03
4.785101488232612610e-02
6.206433847546577454e-02
-2.303758636116981506e-03
5.384387075901031494e-02
-1.735955774784088135e-01
-3.456607162952423096e-01
-6.188223138451576233e-02
-1.218108981847763062e-01
-3.771226108074188232e-02
-5.663393437862396240e-02
-3.611990809440612793e-02
6.075746193528175354e-02
-1.000293567776679993e-01
1.583020947873592377e-02
8.020167052745819092e-02
6.461007893085479736e-02
-2.169835194945335388e-02
-1.009074375033378601e-01
2.391734570264816284e-01
6.594994105398654938e-03
-2.982388436794281006e-01
6.626012921333312988e-02
1.059752777218818665e-01
2.925837337970733643e-01
1.540336310863494873e-01
2.261964976787567139e-02
2.610138431191444397e-02
-1.243792474269866943e-01
1.524575352668762207e-01
-1.701948642730712891e-01
1.234383974224328995e-02
1.731213033199310303e-01
3.324314206838607788e-02
7.300888001918792725e-02
9.163849987089633942e-03
-7.696960866451263428e-02
4.904988408088684082e-02
9.986010938882827759e-02
-1.106821000576019287e-01
-4.193861037492752075e-02
1.242762431502342224e-01
-7.888412475585937500e-02
2.055345848202705383e-02
-1.328406184911727905e-01
2.396747320890426636e-01
1.898915879428386688e-02
-1.060397326946258545e-01
-1.656205952167510986e-01
8.334357291460037231e-02
-1.947277337312698364e-01
-1.748692244291305542e-01
5.167181417346000671e-02
-1.451850086450576782e-01
-1.533006429672241211e-01
-3.313256502151489258e-01
-4.175373166799545288e-02
3.879474401473999023e-01
1.496763825416564941e-01
-1.363864839076995850e-01
1.140259504318237305e-01
1.100344676524400711e-02
7.310757413506507874e-03
1.231061592698097229e-01
2.016787827014923096e-01
-4.298212006688117981e-03
3.558801114559173584e-02
-1.112926974892616272e-01
-1.081025414168834686e-02
3.074490725994110107e-01
-9.576292335987091064e-02
-2.231804281473159790e-02
1.731749922037124634e-01
5.490288138389587402e-03
8.036035299301147461e-02
4.320701118558645248e-03
-5.010605324059724808e-03
-7.339432090520858765e-02
1.934383623301982880e-02
-8.373702317476272583e-02
2.978838793933391571e-02
1.587393507361412048e-02
6.148133426904678345e-03
-3.478931263089179993e-02
1.035615652799606323e-01
-1.960071325302124023e-01
1.108995974063873291e-01
-2.737159468233585358e-02
2.718785405158996582e-02
5.468584597110748291e-03
6.652907282114028931e-02
-7.707719504833221436e-02
-4.603948444128036499e-02
1.499995738267898560e-01
-2.140091359615325928e-01
1.758152544498443604e-01
1.423388421535491943e-01
5.912537872791290283e-02
9.808739274740219116e-02
1.430388391017913818e-01
6.315640360116958618e-02
-7.634501159191131592e-02
-1.724401116371154785e-02
-2.496615052223205566e-01
-7.300132513046264648e-02
9.106659889221191406e-02
-3.162128478288650513e-02
1.292619258165359497e-01
2.446036413311958313e-02
SangHee
-1.754621416330337524e-02
3.963555395603179932e-02
-3.738370537757873535e-02
-1.163275241851806641e-01
-9.902425855398178101e-02
-3.340365365147590637e-02
-4.658308252692222595e-02
-8.117344230413436890e-02
1.466824859380722046e-01
-9.770916402339935303e-02
1.972036510705947876e-01
-9.803361445665359497e-02
-2.351356148719787598e-01
-4.026754200458526611e-02
-9.075539559125900269e-02
2.329390347003936768e-01
-1.835520714521408081e-01
-8.862860500812530518e-02
-6.592535972595214844e-02
1.602483913302421570e-02
1.115536689758300781e-01
2.873001247644424438e-02
9.363899938762187958e-03
1.072376072406768799e-01
-1.121499463915824890e-01
-3.174661099910736084e-01
-1.089486628770828247e-01
-9.807766228914260864e-02
-8.758250623941421509e-02
-5.250902846455574036e-02
-3.668702393770217896e-02
5.784833431243896484e-02
-1.375842988491058350e-01
-1.435500569641590118e-02
6.082039326429367065e-02
5.055955797433853149e-02
-1.665323972702026367e-02
-1.471623778343200684e-01
1.788840591907501221e-01
1.833354681730270386e-02
-2.857686281204223633e-01
3.833534196019172668e-02
9.605283290147781372e-02
2.260948717594146729e-01
1.394393444061279297e-01
-2.728011924773454666e-03
1.981599442660808563e-02
-1.762741357088088989e-01
1.744129806756973267e-01
-1.976553946733474731e-01
2.259276621043682098e-02
1.269557625055313110e-01
4.831273481249809265e-02
4.030756652355194092e-02
2.148875780403614044e-02
-8.979038149118423462e-02
7.335557043552398682e-02
1.411672234535217285e-01
-1.564277261495590210e-01
-4.092052951455116272e-02
9.097823500633239746e-02
-4.927386343479156494e-02
-1.420169882476329803e-02
-1.539011746644973755e-01
2.234158217906951904e-01
1.098613366484642029e-01
-1.461577862501144409e-01
-1.781555116176605225e-01
1.198602840304374695e-01
-1.608332842588424683e-01
-9.360416978597640991e-02
5.746454000473022461e-02
-1.662200987339019775e-01
-2.021186202764511108e-01
-3.007389307022094727e-01
-2.837698534131050110e-02
3.452844917774200439e-01
1.463654786348342896e-01
-1.841706484556198120e-01
5.940445885062217712e-02
-7.459664344787597656e-02
3.449099138379096985e-02
1.473626047372817993e-01
1.787251979112625122e-01
3.233773261308670044e-02
4.799362272024154663e-02
-8.541106432676315308e-02
-9.339097887277603149e-04
2.749029994010925293e-01
-1.332335174083709717e-01
-4.567623604089021683e-03
2.658250033855438232e-01
8.066892623901367188e-03
6.942796707153320312e-02
-1.837423071265220642e-03
-1.919506699778139591e-03
-9.341486543416976929e-02
3.419891744852066040e-02
-1.210572645068168640e-01
4.231781139969825745e-02
3.518609330058097839e-02
2.618076745420694351e-03
-1.057935319840908051e-02
1.145697236061096191e-01
-1.579913944005966187e-01
8.717133104801177979e-02
-7.061273790895938873e-03
4.559136927127838135e-03
3.627707064151763916e-02
-1.238889433443546295e-02
-1.050431430339813232e-01
-9.505245834589004517e-02
1.247028782963752747e-01
-1.928883790969848633e-01
1.589066237211227417e-01
1.124434024095535278e-01
9.491416066884994507e-02
7.151617109775543213e-02
1.147516742348670959e-01
9.724435955286026001e-02
-4.388004541397094727e-02
-7.210328429937362671e-02
-2.585293650627136230e-01
1.725952513515949249e-02
1.618100702762603760e-01
-1.350722089409828186e-02
6.078542396426200867e-02
-4.307192564010620117e-02
SeokHwa
-3.627853095531463623e-02
8.752983063459396362e-02
-1.717986911535263062e-02
-6.806434690952301025e-02
-1.757053583860397339e-01
1.053069904446601868e-02
-5.404790118336677551e-02
-7.546659559011459351e-02
9.488326311111450195e-02
-9.715157747268676758e-02
2.608605325222015381e-01
-7.496506720781326294e-02
-2.342488467693328857e-01
-5.371575057506561279e-02
-9.623350948095321655e-02
1.768140941858291626e-01
-2.019722163677215576e-01
-1.227690577507019043e-01
-2.210335806012153625e-02
3.188464418053627014e-02
1.390472799539566040e-01
1.075813770294189453e-01
-2.035146392881870270e-02
4.250163212418556213e-02
-1.142420470714569092e-01
-3.195715844631195068e-01
-1.017884686589241028e-01
-7.627741992473602295e-02
-2.386327087879180908e-02
-1.156747415661811829e-01
-2.405774779617786407e-02
4.616195708513259888e-02
-1.498937457799911499e-01
-1.666617952287197113e-02
5.679110065102577209e-02
-1.396887935698032379e-02
-5.252509191632270813e-02
-7.446160912513732910e-02
1.841273009777069092e-01
4.063769057393074036e-02
-2.756292819976806641e-01
8.916318416595458984e-02
1.202232018113136292e-01
2.390338480472564697e-01
1.522812545299530029e-01
2.280017361044883728e-02
-2.162412367761135101e-02
-1.618031114339828491e-01
8.218061178922653198e-02
-1.888446956872940063e-01
-8.599067106842994690e-03
1.921824514865875244e-01
7.802462577819824219e-02
5.670482665300369263e-02
-3.386994451284408569e-02
-7.837303727865219116e-02
1.502443756908178329e-02
9.059384465217590332e-02
-1.602380275726318359e-01
-9.546366520226001740e-03
1.118335276842117310e-01
-8.399666845798492432e-02
-2.374467998743057251e-02
-9.964415431022644043e-02
1.577247232198715210e-01
2.211642637848854065e-02
-1.231166720390319824e-01
-2.052685916423797607e-01
5.038212984800338745e-02
-1.961352080106735229e-01
-1.662718951702117920e-01
1.067162826657295227e-01
-1.268792450428009033e-01
-1.949459761381149292e-01
-2.718195319175720215e-01
-2.047996595501899719e-02
3.644122183322906494e-01
9.670414030551910400e-02
-1.384578794240951538e-01
9.273392707109451294e-02
-2.272282540798187256e-02
-2.774778008460998535e-02
1.003657877445220947e-01
1.449371427297592163e-01
1.469325274229049683e-03
1.222535595297813416e-02
-7.751211524009704590e-02
4.714719206094741821e-02
2.413265705108642578e-01
-1.086788475513458252e-01
1.370157767087221146e-02
2.623330056667327881e-01
1.960701122879981995e-02
9.948586672544479370e-02
4.748271405696868896e-02
5.288970097899436951e-02
-2.868671342730522156e-02
2.063072472810745239e-02
-6.226196885108947754e-02
4.491883888840675354e-02
2.648623660206794739e-03
-5.983014404773712158e-02
-1.748088560998439789e-02
9.214857965707778931e-02
-1.498311311006546021e-01
1.391994506120681763e-01
-1.490967441350221634e-02
2.946570515632629395e-03
9.831914678215980530e-03
-4.553561285138130188e-02
-7.059040665626525879e-02
-2.640658989548683167e-02
1.188613995909690857e-01
-2.440913468599319458e-01
1.961140632629394531e-01
1.354920268058776855e-01
7.606906443834304810e-02
7.969910651445388794e-02
1.332374662160873413e-01
4.548612982034683228e-02
-5.794059112668037415e-02
-7.501517981290817261e-02
-2.499421685934066772e-01
-4.460690543055534363e-02
1.134047359228134155e-01
-6.590104848146438599e-02
8.292745798826217651e-02
-5.397686362266540527e-02
SoYeon
-2.549041248857975006e-02
5.971282348036766052e-02
-3.581183403730392456e-02
-4.460340365767478943e-02
-1.406542211771011353e-01
-3.852755948901176453e-02
-6.319087743759155273e-02
-5.994678288698196411e-02
1.294839382171630859e-01
-9.251528978347778320e-02
1.631260663270950317e-01
-7.750226557254791260e-02
-1.663744747638702393e-01
-4.081938043236732483e-02
-8.593835681676864624e-02
2.173982709646224976e-01
-2.573145329952239990e-01
-1.674519628286361694e-01
-3.433834016323089600e-02
4.177941009402275085e-03
1.052661761641502380e-01
8.236092329025268555e-02
-2.227465808391571045e-02
6.501454114913940430e-02
-1.228179335594177246e-01
-3.380695879459381104e-01
-7.236996293067932129e-02
-7.669430971145629883e-02
1.112367026507854462e-03
-4.293190687894821167e-02
-1.916253939270973206e-02
6.867637485265731812e-02
-1.763632297515869141e-01
-3.438294306397438049e-02
9.026812762022018433e-02
3.006740100681781769e-02
-3.307745791971683502e-03
-1.166199296712875366e-01
2.021096050739288330e-01
6.266430020332336426e-02
-2.873926758766174316e-01
7.454471290111541748e-02
1.074969172477722168e-01
2.329880297183990479e-01
1.748006939888000488e-01
2.611762657761573792e-02
2.748758345842361450e-02
-1.211403384804725647e-01
1.562400162220001221e-01
-1.949252337217330933e-01
2.449145913124084473e-02
1.717901676893234253e-01
9.506557136774063110e-02
4.482588917016983032e-02
-2.070445567369461060e-03
-9.578041732311248779e-02
4.543783143162727356e-03
1.199978888034820557e-01
-1.348569542169570923e-01
-3.033542633056640625e-02
1.186183765530586243e-01
-3.923355042934417725e-02
1.142114307731389999e-02
-1.428309381008148193e-01
1.711162775754928589e-01
1.451287791132926941e-02
-8.924713730812072754e-02
-1.838139742612838745e-01
1.372460275888442993e-01
-1.666252017021179199e-01
-1.426668316125869751e-01
5.528070777654647827e-02
-1.194189414381980896e-01
-1.774485558271408081e-01
-2.685232162475585938e-01
-5.850236862897872925e-03
3.808764219284057617e-01
1.342385262250900269e-01
-1.055526733398437500e-01
1.145829409360885620e-01
9.957676753401756287e-03
-1.390198990702629089e-02
7.098206877708435059e-02
1.792548745870590210e-01
1.100835390388965607e-02
4.721355065703392029e-02
-3.314039856195449829e-02
2.512109093368053436e-02
2.594965100288391113e-01
-4.842989146709442139e-02
-1.590256392955780029e-02
2.049231380224227905e-01
-3.915410488843917847e-03
6.677113473415374756e-02
2.631662413477897644e-02
-2.963547408580780029e-02
-2.991779893636703491e-02
5.202184617519378662e-02
-7.434444129467010498e-02
4.650634154677391052e-02
-1.543793734163045883e-02
-2.665921114385128021e-03
-5.694906692951917648e-03
1.029939204454421997e-01
-1.275512576103210449e-01
1.168325319886207581e-01
-5.379191040992736816e-02
8.854824118316173553e-03
-1.866295747458934784e-02
1.862306892871856689e-02
-6.290864944458007812e-02
-2.443695068359375000e-02
9.899732470512390137e-02
-2.068726271390914917e-01
1.742578148841857910e-01
1.244824230670928955e-01
6.900230050086975098e-02
1.100976839661598206e-01
8.967559039592742920e-02
7.741515338420867920e-02
-1.205340586602687836e-02
-3.943943604826927185e-02
-2.735061943531036377e-01
-6.606663763523101807e-02
1.249035671353340149e-01
-5.390442162752151489e-02
9.421584755182266235e-02
-1.299937721341848373e-03
